21.5   1.80   88.00  0.048  0.0220
0.085   0.20  0.0040  0.0730  0.04900
0.01200  0.00800  0.00160  0.090  0.690
1.30  1.80   0.50  33.50  47.00
21.5   1.60   39.00  0.018  0.0200
0.080  0.085   0.20  0.0210  0.1050
0.10000  0.00900  0.18000  0.01700  0.00110
0.18000  0.310  0.620  2.500  1.30
1.80   0.50  20.00  31.00  21.5
 1.00   34.00  0.020  0.0200  0.085
 0.20  0.0040  0.0730  0.08500  0.00700
0.01400  0.00090  0.310  0.620  1.30
1.80   0.00  26.00  35.00   0
 2.90   0.43   0.30  0.030   0.60
 0.80   0.10  1.08   0.48  0.10
 2.40   3.70  1.10   1.30  0.10
 4.90   1.20   0.25   0.32   0.120
18.000   0.250   2.500   0.100  24.700
 0.250   0.030   1.20   1.61  0.0143
0.750   0.65   0.15    0.75   0.650
 0.15