# kilonummer wird vom Programm laengsschnitt gelesen
# und dient der Darstellung eines Längsschnittes durch eine 
# Linie von vorgegebenen Berechnungspunkten zu einem Zeitpunkt,
# der vom Benutzer eingegeben werden muss.
#Kilometer
#       Punktnummer, muss als z.B. ganglinien/g38503.txt vorhanden sein
586	38503	   
587	38765	   
588	39017	   
589	39311	   
590	39535	   
591	39751	   
592	40001
593	40259	   
594	40455	   
595	40733	   
596	40918	   
597	41147	   
598	41375	   
599	41550	   
600	41704	   
601	42309	   
602	37989	   
603	37321	   
604	35625	   
605	22803	   
606	17962	   
607	11188	   
608	4160	   
609	2234	   
610	37501	   
611	37101	   
612	36162	   
613	35365	   
614	35399	   
615	36262	   
616	36342	   
617	35014	   
618	34232	   
619	33103	   
620	32084	   
621	30138	   
622	28097	   
623	26432	   
624	24779	   
625	23387	   
626	22534	   
627	22240	   
628	21791	   
629	21290	   
630	20997	   
631	20732	   
632	20589	   
633	20439	   
634	20136	   
635	19775	   
636	19315	   
637	18809	   
638	18460	   
639	18018	   
640	17623	   
641	17195	   
642	16453	   
643	15362	   
644	14873	   
645	14566	   
646	14291	   
647	14011	   
648	13820	   
649	13635	   
650	13460	   
651	13237	   
652	12908	   
653	12531	   
654	12014	   
655	11597	   
656	11270	   
657	11036	   
658	10832	   
659	10672	   
660	10537	   
661	10410	   
662	10276	   
663	10158	   
664	10030	   
665	9820	   
666	9592	   
667	9342	   
668	9083	   
669	8903	   
670	8739	   
671	8572	   
672	8403	   
673	8195	   
674	8003	   
675	7834	   
676	7684	   
677	7558	   
678	7446	   
679	7326	   
680	7215	   
681	7088	   
682	7000	   
683	6909	   
684	6832	   
685	6723	   
686	6658	   
687	6600	   
688	6527	   
689	6481	   
690	6402	   
691	6310	   
692	6221	   
693	6136	   
694	6054	   
695	5996	   
696	5887	   
697	5772	   
698	5642	   
699	5569	   
700	5470	   
701	5400	   
702	5285	   
703	5197	   
704	5085	   
705	4895	   
706	4754	   
707	4570	   
708	4436	   
709	4231	   
710	283	   
711	4183	   
712	26387	   
713	22660	   
714	21551	   
715	11632	   
716	5075	   
717	254	   
718	6260	   
719	13419	   
720	16673	   
721	21838	   
722	29615	   
723	33824	   
724	37809	   
725	37827
