38503
38765
39017
39311
39535
39751
40001
40259
40455
40733
40918
41147
41375
41550
41704
42309
37989
37321
35625
22803
17962
11188
4160
2234
37501
37101
36162
35365
35399
36262
36342
35014
34232
33103
32084
30138
28097
26432
24779
23387
22534
22240
21791
21290
20997
20732
20589
20439
20136
19775
19315
18809
18460
18018
17623
17195
16453
15362
14873
14566
14291
14011
13820
13635
13460
13237
12908
12531
12014
11597
11270
11036
10832
10672
10537
10410
10276
10158
10030
9820
9592
9342
9083
8903
8739
8572
8403
8195
8003
7834
7684
7558
7446
7326
7215
7088
7000
6909
6832
6723
6658
6600
6527
6481
6402
6310
6221
6136
6054
5996
5887
5772
5642
5569
5470
5400
5285
5197
5085
4895
4754
4570
4436
4231
283
4183
26387
22660
21551
11632
5075
254
6260
13419
16673
21838
29615
33824
37809
37827
