# Die im Längsschnitt aufgeführten Variablen (ab Spalte 003|) entsprechen denen in den Gangliniendateien, 
# und werden mittes ausgabekonzentrationen.txt ausgewählt.
#
#    Kilometer|  Punktnummer|         Tiefe003|   Geschw.004|             tempw005|               vo2006|              vNH4007|              vNO3008|              gelp009|                si010|               aki011|            chlaki012|              obsb013|              ocsb014|            zooind015|                ss016|              tsed017|             abszo018|             templ019|             SCHWI020|
        586.000         38503              4.40          0.59           0.010034481          13.928899765           0.329999298           4.515140533           0.067549326           4.699909210           0.283674628           2.443057775           2.204838037          15.228483200          25.307088852          15.782968521           0.005464007           0.000000000           1.943212748           5.677124500
        587.000         38765              5.38          0.77           0.012346503          13.929514885           0.329998374           4.515086651           0.067539684           4.699854374           0.283816606           2.446757793           2.204677820          15.228606224          25.310661316          15.787889481           0.005307647           0.000000000           1.943212748           5.677124500
        588.000         39017              7.08          0.66           0.015969792          13.929260254           0.329992056           4.514978409           0.067519352           4.699756145           0.284045666           2.458812952           2.204347372          15.228843689          25.317848206          15.797784805           0.005177284           0.000000000           1.943212748           5.677124500
        589.000         39311              6.79          0.81           0.017361937          13.929343224           0.329986721           4.514913082           0.067507230           4.699725628           0.284078956           2.467432022           2.204206705          15.229043961          25.321323395          15.803560257           0.005192566           0.000000000           1.943212748           5.677124500
        590.000         39535              4.79          0.71           0.016492514          13.928534508           0.329987705           4.514896870           0.067504615           4.699732304           0.284044683           2.468621016           2.204236984          15.229163170          25.321308136          15.805001259           0.005386840           0.000000000           1.943212748           5.677124500
        591.000         39751              5.08          0.73           0.016754899          13.928301811           0.329986989           4.514898300           0.067504801           4.699750423           0.283965737           2.473482132           2.204237461          15.229165077          25.321302414          15.805000305           0.005341115           0.000000000           1.943212748           5.677124500
        592.000         40001              5.55          0.67           0.018030591          13.928854942           0.329988122           4.514896870           0.067504570           4.699726582           0.284073114           2.466316462           2.204237223          15.229164124          25.321311951          15.805000305           0.005286477           0.000000000           1.943212748           5.677124500
        593.000         40259              5.04          0.72           0.017789284          13.928885460           0.329987407           4.514897823           0.067504421           4.699728489           0.284060001           2.468013287           2.204236269          15.229161263          25.321313858          15.804999352           0.005344085           0.000000000           1.943212748           5.677124500
        594.000         40455              5.29          0.65           0.017544443          13.928821564           0.329987854           4.514897346           0.067504480           4.699724674           0.284075350           2.467071056           2.204236746          15.229160309          25.321311951          15.804998398           0.005312079           0.000000000           1.943212748           5.677124500
        595.000         40733              7.45          0.66           0.016559619          13.927957535           0.329985559           4.514898300           0.067504562           4.699756622           0.283933520           2.473971605           2.204237461          15.229163170          25.321310043          15.805000305           0.005157852           0.000000000           1.943212748           5.677124500
        596.000         40918              4.80          0.64           0.016010651          13.927906036           0.329989195           4.514897346           0.067505032           4.699731350           0.284048259           2.466497183           2.204236507          15.229163170          25.321302414          15.804999352           0.005376882           0.000000000           1.943212748           5.677124500
        597.000         41147              5.38          0.60           0.015646730          13.927403450           0.329985201           4.514897346           0.067504905           4.699777126           0.283845425           2.477344751           2.204236507          15.229165077          25.321294785          15.805000305           0.005299855           0.000000000           1.943212748           5.677124500
        598.000         41375              6.48          0.71           0.016445886          13.927757263           0.329986155           4.514897823           0.067504689           4.699755669           0.283939034           2.472239256           2.204236746          15.229166985          25.321306229          15.805000305           0.005205686           0.000000000           1.943212748           5.677124500
        599.000         41550              5.24          0.67           0.016602216          13.927928925           0.329987496           4.514897823           0.067504860           4.699746132           0.283984810           2.467599154           2.204236746          15.229164124          25.321306229          15.805000305           0.005312293           0.000000000           1.943212748           5.677124500
        600.000         41704              5.16          0.70           0.016426127          13.928109169           0.329990417           4.514897823           0.067505069           4.699719429           0.284106255           2.457923174           2.204237223          15.229164124          25.321304321          15.805002213           0.005318618           0.000000000           1.943212748           5.677124500
        601.000         42309              5.55          0.63           0.016436990          13.927702904           0.329985529           4.514898300           0.067504779           4.699768066           0.283886820           2.475220203           2.204236984          15.229163170          25.321306229          15.805001259           0.005275366           0.000000000           1.943212748           5.677124500
        602.000         37989              6.50          0.61           0.015861461          13.927213669           0.329985023           4.514898300           0.067504801           4.699774265           0.283855140           2.474389315           2.204236984          15.229163170          25.321302414          15.805001259           0.005201290           0.000000000           1.943212748           5.677124500
        603.000         37321              4.93          0.64           0.016361872          13.927665710           0.329987824           4.514898300           0.067505114           4.699753761           0.283952177           2.471340895           2.204237700          15.229169846          25.321296692          15.805002213           0.005344300           0.000000000           1.943212748           5.677124500
        604.000         35625              7.56          0.72           0.015902702          13.927232742           0.329985082           4.514897346           0.067504875           4.699778080           0.283838063           2.476664066           2.204236507          15.229163170          25.321302414          15.804998398           0.005148339           0.000000000           1.943212748           5.677124500
        605.000         22803              6.04          0.56           0.015019657          13.926765442           0.329984337           4.514897346           0.067505017           4.699791908           0.283776045           2.479211330           2.204236507          15.229165077          25.321294785          15.805000305           0.005229249           0.000000000           1.943212748           5.677124500
        606.000         17962              7.43          0.70           0.014285339          13.926458359           0.329986125           4.514898300           0.067505352           4.699783325           0.283812106           2.461887121           2.204236746          15.229165077          25.321287155          15.805000305           0.005152890           0.000000000           1.943212748           5.677124500
        607.000         11188              5.81          0.64           0.014893335          13.926628113           0.329984337           4.514897823           0.067505166           4.699798584           0.283743352           2.480265856           2.204236507          15.229165077          25.321290970          15.805000305           0.005246095           0.000000000           1.943212748           5.677124500
        608.000          4160              6.86          0.69           0.014996011          13.926637650           0.329984039           4.514896870           0.067505039           4.699796677           0.283752322           2.480522633           2.204236507          15.229163170          25.321289063          15.804997444           0.005178076           0.000000000           1.943212748           5.677124500
        609.000          2234              5.06          0.55           0.014657784          13.926459312           0.329983801           4.514897823           0.067505330           4.699812889           0.283682376           2.483129025           2.204236507          15.229164124          25.321281433          15.805000305           0.005320071           0.000000000           1.943212748           5.677124500
        610.000         37501              6.21          0.65           0.016570946          13.927138329           0.329985380           4.514898300           0.067504928           4.699777126           0.283843547           2.474975824           2.204236984          15.229167938          25.321294785          15.805001259           0.005213289           0.000000000           1.943212748           5.677124500
        611.000         37101              5.72          0.65           0.016371220          13.927206039           0.329986095           4.514897346           0.067504935           4.699768543           0.283882916           2.470359087           2.204236984          15.229163170          25.321294785          15.804999352           0.005248916           0.000000000           1.943212748           5.677124500
        612.000         36162              7.29          0.66           0.015269589          13.926666260           0.329985648           4.514897823           0.067505188           4.699783325           0.283815056           2.477367163           2.204236984          15.229160309          25.321292877          15.805000305           0.005155834           0.000000000           1.943212748           5.677124500
        613.000         35365              6.24          0.65           0.014872747          13.926529884           0.329984099           4.514897346           0.067505166           4.699800968           0.283733785           2.481780052           2.204236269          15.229163170          25.321290970          15.804998398           0.005209931           0.000000000           1.943212748           5.677124500
        614.000         35399              5.73          0.67           0.014921546          13.926671982           0.329984307           4.514898300           0.067505188           4.699800968           0.283737302           2.481080770           2.204236746          15.229165077          25.321287155          15.804999352           0.005246371           0.000000000           1.943212748           5.677124500
        615.000         36262              6.14          0.63           0.015140125          13.926674843           0.329984456           4.514897346           0.067505181           4.699799061           0.283745140           2.479825735           2.204236507          15.229163170          25.321290970          15.804999352           0.005215495           0.000000000           1.943212748           5.677124500
        616.000         36342              6.32          0.65           0.015077564          13.926508904           0.329983741           4.514898300           0.067505084           4.699802876           0.283727944           2.480278254           2.204237461          15.229164124          25.321290970          15.805000305           0.005203266           0.000000000           1.943212748           5.677124500
        617.000         35014              7.22          0.61           0.014865778          13.926445961           0.329983383           4.514897823           0.067505196           4.699813366           0.283681899           2.483559847           2.204237223          15.229166985          25.321289063          15.805001259           0.005156177           0.000000000           1.943212748           5.677124500
        618.000         34232              9.06          0.53           0.013969166          13.925858498           0.329981893           4.514898300           0.067505062           4.699825764           0.283627689           2.486125231           2.204237461          15.229167938          25.321290970          15.805002213           0.005101220           0.000000000           1.943212748           5.677124500
        619.000         33103              7.87          0.62           0.012721291          13.925390244           0.329981029           4.514897823           0.067505389           4.699849129           0.283516020           2.492425203           2.204236984          15.229165077          25.321277618          15.804999352           0.005132207           0.000000000           1.943212748           5.677124500
        620.000         32084             12.13          0.47           0.012407509          13.925313950           0.329981625           4.514898300           0.067505360           4.699842453           0.283551157           2.490098715           2.204237223          15.229166985          25.321281433          15.805002213           0.005047834           0.000000000           1.943212748           5.677124500
        621.000         30138             12.58          0.41           0.010204958          13.924305916           0.329978287           4.514896870           0.067505620           4.699895382           0.283305347           2.503079176           2.204236984          15.229160309          25.321269989          15.804999352           0.005044588           0.000000000           1.943212748           5.677124500
        622.000         28097             12.97          0.46           0.009950414          13.924186707           0.329977900           4.514897346           0.067505687           4.699903011           0.283275664           2.504359961           2.204236984          15.229164124          25.321271896          15.805002213           0.005041942           0.000000000           1.943212748           5.677124500
        623.000         26432             13.43          0.49           0.009776146          13.924153328           0.329977810           4.514897823           0.067505702           4.699903965           0.283267945           2.505498409           2.204236746          15.229164124          25.321271896          15.805000305           0.005039209           0.000000000           1.943212748           5.677124500
        624.000         24779             15.58          0.43           0.009540641          13.924111366           0.329977989           4.514897346           0.067505673           4.699900627           0.283283442           2.504250050           2.204236984          15.229163170          25.321273804          15.804999352           0.005029358           0.000000000           1.943212748           5.677124500
        625.000         23387             17.09          0.47           0.008923816          13.923848152           0.329976916           4.514896870           0.067505762           4.699916363           0.283210069           2.508702278           2.204236507          15.229158401          25.321268082          15.804997444           0.005024440           0.000000000           1.943212748           5.677124500
        626.000         22534             18.00          0.64           0.008808843          13.923811913           0.329976857           4.514898300           0.067505784           4.699920177           0.283197403           2.509967804           2.204237461          15.229164124          25.321271896          15.804999352           0.005022108           0.000000000           1.943212748           5.677124500
        627.000         22240             17.34          0.66           0.008682786          13.923830032           0.329977095           4.514897823           0.067505792           4.699917793           0.283211440           2.509674549           2.204237461          15.229164124          25.321269989          15.805001259           0.005023764           0.000000000           1.943212748           5.677124500
        628.000         21791             17.49          0.71           0.008680300          13.923851967           0.329977095           4.514897823           0.067505747           4.699915886           0.283218592           2.509608507           2.204236984          15.229164124          25.321269989          15.805002213           0.005023337           0.000000000           1.943212748           5.677124500
        629.000         21290             17.46          0.69           0.008566014          13.923824310           0.329977065           4.514897823           0.067505777           4.699915886           0.283216685           2.509876728           2.204236984          15.229163170          25.321268082          15.805000305           0.005023456           0.000000000           1.943212748           5.677124500
        630.000         20997             18.41          0.71           0.008546826          13.923809052           0.329976976           4.514897823           0.067505747           4.699915886           0.283211827           2.510205030           2.204236984          15.229163170          25.321264267          15.804998398           0.005021100           0.000000000           1.943212748           5.677124500
        631.000         20732             17.37          0.80           0.008556675          13.923830032           0.329977185           4.514898300           0.067505784           4.699915409           0.283218712           2.509358883           2.204237461          15.229164124          25.321271896          15.805000305           0.005023639           0.000000000           1.943212748           5.677124500
        632.000         20589             17.64          0.68           0.008624658          13.923839569           0.329976976           4.514897346           0.067505755           4.699915886           0.283213675           2.510336399           2.204236984          15.229160309          25.321268082          15.804998398           0.005022971           0.000000000           1.943212748           5.677124500
        633.000         20439             17.18          0.75           0.008541668          13.923832893           0.329977274           4.514898300           0.067505769           4.699914455           0.283222824           2.509369135           2.204236746          15.229164124          25.321271896          15.805001259           0.005024152           0.000000000           1.943212748           5.677124500
        634.000         20136             17.80          0.75           0.008490859          13.923880577           0.329978257           4.514897346           0.067505844           4.699903965           0.283267707           2.507618427           2.204236746          15.229160309          25.321268082          15.805000305           0.005022564           0.000000000           1.943212748           5.677124500
        635.000         19775             19.47          0.75           0.008453656          13.923803329           0.329977214           4.514897346           0.067505769           4.699913979           0.283222646           2.508965731           2.204236746          15.229160309          25.321268082          15.804999352           0.005018889           0.000000000           1.943212748           5.677124500
        636.000         19315             18.46          0.76           0.008446692          13.923763275           0.329976827           4.514897823           0.067505792           4.699921131           0.283194274           2.511063099           2.204236984          15.229163170          25.321269989          15.804998398           0.005021026           0.000000000           1.943212748           5.677124500
        637.000         18809             17.28          0.74           0.008430450          13.923818588           0.329977483           4.514898300           0.067505807           4.699913502           0.283229023           2.508949041           2.204237938          15.229164124          25.321271896          15.805002213           0.005023901           0.000000000           1.943212748           5.677124500
        638.000         18460             17.19          0.83           0.008586450          13.923849106           0.329977095           4.514897346           0.067505762           4.699915409           0.283218026           2.510024071           2.204237461          15.229163170          25.321268082          15.805000305           0.005024185           0.000000000           1.943212748           5.677124500
        639.000         18018             18.59          0.77           0.008424754          13.923794746           0.329976946           4.514897346           0.067505755           4.699916363           0.283209711           2.510542870           2.204236507          15.229160309          25.321262360          15.804999352           0.005020725           0.000000000           1.943212748           5.677124500
        640.000         17623             18.94          0.76           0.008461451          13.923806190           0.329977006           4.514898300           0.067505740           4.699916363           0.283215135           2.510365725           2.204236984          15.229163170          25.321268082          15.805000305           0.005019998           0.000000000           1.943212748           5.677124500
        641.000         17195             17.90          0.76           0.008481007          13.923936844           0.329979300           4.514897823           0.067505926           4.699895859           0.283309400           2.503957272           2.204237938          15.229164124          25.321271896          15.805000305           0.005022322           0.000000000           1.943212748           5.677124500
        642.000         16453             18.80          0.74           0.008449373          13.923784256           0.329976916           4.514897823           0.067505777           4.699919224           0.283201903           2.510949612           2.204236746          15.229163170          25.321269989          15.804999352           0.005020300           0.000000000           1.943212748           5.677124500
        643.000         15362             18.61          0.67           0.008456858          13.923791885           0.329976916           4.514897346           0.067505740           4.699916840           0.283211350           2.510554790           2.204236507          15.229163170          25.321269989          15.804998398           0.005020677           0.000000000           1.943212748           5.677124500
        644.000         14873             16.95          0.67           0.008479179          13.923790932           0.329976946           4.514897346           0.067505792           4.699918747           0.283205330           2.510722399           2.204236984          15.229161263          25.321268082          15.804998398           0.005024884           0.000000000           1.943212748           5.677124500
        645.000         14566             17.42          0.72           0.008718689          13.923904419           0.329977572           4.514897823           0.067505769           4.699908733           0.283245653           2.508350372           2.204236746          15.229160309          25.321266174          15.804998398           0.005023554           0.000000000           1.943212748           5.677124500
        646.000         14291             18.48          0.73           0.008793940          13.923931122           0.329977095           4.514896870           0.067505650           4.699909687           0.283239841           2.509238005           2.204236507          15.229160309          25.321266174          15.804997444           0.005021016           0.000000000           1.943212748           5.677124500
        647.000         14011             17.51          0.73           0.008581474          13.923939705           0.329978466           4.514898300           0.067505822           4.699902534           0.283280313           2.507979393           2.204237938          15.229166985          25.321273804          15.805006027           0.005023379           0.000000000           1.943212748           5.677124500
        648.000         13820             17.24          0.76           0.008605881          13.923887253           0.329977244           4.514897346           0.067505747           4.699912071           0.283233345           2.510113478           2.204237461          15.229164124          25.321268082          15.805000305           0.005024090           0.000000000           1.943212748           5.677124500
        649.000         13635             16.33          0.79           0.008682389          13.923926353           0.329977453           4.514897823           0.067505740           4.699910164           0.283242822           2.509555340           2.204236984          15.229161263          25.321269989          15.805000305           0.005026830           0.000000000           1.943212748           5.677124500
        650.000         13460             16.12          0.82           0.008868471          13.924035072           0.329977930           4.514897346           0.067505687           4.699902058           0.283278704           2.507094383           2.204236984          15.229161263          25.321268082          15.805000305           0.005027486           0.000000000           1.943212748           5.677124500
        651.000         13237             16.19          0.79           0.008959728          13.924047470           0.329977691           4.514898300           0.067505687           4.699904919           0.283265412           2.508752346           2.204237461          15.229164124          25.321271896          15.805004120           0.005027317           0.000000000           1.943212748           5.677124500
        652.000         12908             16.00          0.77           0.008967427          13.924045563           0.329977632           4.514898300           0.067505680           4.699905396           0.283265114           2.508841753           2.204237461          15.229164124          25.321268082          15.805000305           0.005027905           0.000000000           1.943212748           5.677124500
        653.000         12531             16.09          0.76           0.008984996          13.924051285           0.329977781           4.514898300           0.067505695           4.699905872           0.283267528           2.508536816           2.204238176          15.229169846          25.321275711          15.805005074           0.005027649           0.000000000           1.943212748           5.677124500
        654.000         12014             16.88          0.76           0.009074669          13.924098969           0.329977989           4.514897346           0.067505650           4.699899673           0.283287585           2.507679224           2.204236746          15.229163170          25.321268082          15.805000305           0.005025117           0.000000000           1.943212748           5.677124500
        655.000         11597             17.28          0.80           0.009030661          13.924075127           0.329977661           4.514898300           0.067505628           4.699903011           0.283275783           2.508298397           2.204237223          15.229163170          25.321271896          15.805001259           0.005024039           0.000000000           1.943212748           5.677124500
        656.000         11270             18.16          0.82           0.008969324          13.924084663           0.329977930           4.514897823           0.067505613           4.699898720           0.283293813           2.506371260           2.204236746          15.229160309          25.321266174          15.804999352           0.005021786           0.000000000           1.943212748           5.677124500
        657.000         11036             17.62          0.71           0.008961665          13.924066544           0.329977602           4.514897346           0.067505606           4.699902534           0.283276021           2.508289337           2.204236746          15.229160309          25.321268082          15.804998398           0.005023132           0.000000000           1.943212748           5.677124500
        658.000         10832             17.88          0.81           0.009265021          13.924088478           0.329977632           4.514897346           0.067505591           4.699900627           0.283285379           2.507597923           2.204236746          15.229161263          25.321268082          15.805000305           0.005022461           0.000000000           1.943212748           5.677124500
        659.000         10672             15.96          0.82           0.009376531          13.924160004           0.329978079           4.514898300           0.067505620           4.699897766           0.283296525           2.506898642           2.204236746          15.229160309          25.321266174          15.805001259           0.005028101           0.000000000           1.943212748           5.677124500
        660.000         10537             16.60          0.83           0.009691545          13.924415588           0.329978526           4.514897346           0.067505509           4.699886322           0.283346921           2.504729748           2.204236984          15.229163170          25.321268082          15.805000305           0.005026007           0.000000000           1.943212748           5.677124500
        661.000         10410             16.96          0.82           0.009745885          13.924451828           0.329978466           4.514897823           0.067505457           4.699885845           0.283353686           2.504706860           2.204237223          15.229163170          25.321269989          15.805001259           0.005024975           0.000000000           1.943212748           5.677124500
        662.000         10276             16.94          0.85           0.009571381          13.924398422           0.329978377           4.514896870           0.067505442           4.699885845           0.283350796           2.504410744           2.204236746          15.229163170          25.321269989          15.805000305           0.005024988           0.000000000           1.943212748           5.677124500
        663.000         10158             17.92          0.82           0.009532684          13.924386024           0.329978317           4.514897823           0.067505419           4.699884415           0.283355266           2.503823757           2.204236507          15.229158401          25.321268082          15.804998398           0.005022428           0.000000000           1.943212748           5.677124500
        664.000         10030             18.85          0.80           0.009691095          13.924528122           0.329980224           4.514897823           0.067505568           4.699867249           0.283436596           2.500036478           2.204236984          15.229163170          25.321268082          15.805000305           0.005020256           0.000000000           1.943212748           5.677124500
        665.000          9820             17.64          0.87           0.009209285          13.924199104           0.329977781           4.514898300           0.067505524           4.699897766           0.283300728           2.507355213           2.204237223          15.229163170          25.321271896          15.805001259           0.005023069           0.000000000           1.943212748           5.677124500
        666.000          9592             15.97          0.87           0.008830582          13.924090385           0.329978198           4.514897346           0.067505635           4.699895859           0.283303559           2.506513119           2.204236984          15.229163170          25.321268082          15.805001259           0.005028103           0.000000000           1.943212748           5.677124500
        667.000          9342             18.52          0.83           0.008685490          13.923997879           0.329977542           4.514897346           0.067505635           4.699903488           0.283268958           2.508366108           2.204236746          15.229160309          25.321266174          15.804999352           0.005020959           0.000000000           1.943212748           5.677124500
        668.000          9083             19.73          0.80           0.008977266          13.924106598           0.329977483           4.514897823           0.067505553           4.699901581           0.283279508           2.508033514           2.204236746          15.229163170          25.321268082          15.805000305           0.005018528           0.000000000           1.943212748           5.677124500
        669.000          8903             18.36          0.81           0.008642351          13.923995972           0.329977751           4.514897823           0.067505658           4.699902534           0.283276260           2.508156300           2.204236984          15.229163170          25.321271896          15.804998398           0.005021386           0.000000000           1.943212748           5.677124500
        670.000          8739             18.58          0.76           0.008880601          13.924097061           0.329977751           4.514898300           0.067505583           4.699900150           0.283289790           2.507458210           2.204237461          15.229161263          25.321271896          15.805000305           0.005020855           0.000000000           1.943212748           5.677124500
        671.000          8572             16.65          0.80           0.008953927          13.924118996           0.329977840           4.514897823           0.067505546           4.699897766           0.283298790           2.507084846           2.204237223          15.229161263          25.321269989          15.805000305           0.005025957           0.000000000           1.943212748           5.677124500
        672.000          8403             16.31          0.87           0.008957985          13.924131393           0.329978079           4.514897823           0.067505620           4.699897289           0.283301622           2.506798506           2.204237461          15.229161263          25.321268082          15.805001259           0.005026966           0.000000000           1.943212748           5.677124500
        673.000          8195             16.70          0.89           0.009374349          13.924324989           0.329978377           4.514897346           0.067505546           4.699890137           0.283334434           2.505912066           2.204236746          15.229163170          25.321268082          15.805002213           0.005025742           0.000000000           1.943212748           5.677124500
        674.000          8003             16.58          0.89           0.009641088          13.924495697           0.329979151           4.514897346           0.067505457           4.699876308           0.283393264           2.502013445           2.204236746          15.229163170          25.321269989          15.805000305           0.005026154           0.000000000           1.943212748           5.677124500
        675.000          7834             16.09          0.89           0.009351924          13.924344063           0.329978466           4.514898300           0.067505494           4.699886799           0.283347607           2.504976511           2.204237223          15.229163170          25.321269989          15.805000305           0.005027710           0.000000000           1.943212748           5.677124500
        676.000          7684             16.96          0.92           0.009284901          13.924413681           0.329980046           4.514898777           0.067505620           4.699872971           0.283412695           2.502222300           2.204237223          15.229165077          25.321271896          15.805001259           0.005025024           0.000000000           1.943212748           5.677124500
        677.000          7558             20.11          0.94           0.009242511          13.924293518           0.329978198           4.514897823           0.067505471           4.699890137           0.283333987           2.505723953           2.204236984          15.229163170          25.321268082          15.804999352           0.005017869           0.000000000           1.943212748           5.677124500
        678.000          7446             19.04          0.98           0.008766518          13.924261093           0.329978079           4.514897823           0.067505449           4.699889183           0.283334523           2.506080151           2.204236984          15.229161263          25.321268082          15.805000305           0.005006581           0.000000000           0.678808749           5.677124500
        679.000          7326             19.57          0.96           0.008292194          13.924256325           0.329977900           4.514897346           0.067505486           4.699893475           0.283318728           2.506860495           2.204237223          15.229161263          25.321271896          15.805000305           0.005006225           0.000000000           0.678808749           5.677124500
        680.000          7215             20.19          0.90           0.007463712          13.924225807           0.329977959           4.514897823           0.067505479           4.699892521           0.283322394           2.506266117           2.204236984          15.229161263          25.321268082          15.805000305           0.005005856           0.000000000           0.678808749           5.677124500
        681.000          7088             19.39          0.99           0.006570481          13.924107552           0.329977512           4.514897823           0.067505531           4.699899673           0.283288151           2.508131504           2.204237461          15.229161263          25.321268082          15.805000305           0.005006344           0.000000000           0.678808749           5.677124500
        682.000          7000             18.07          0.96           0.006262009          13.924106598           0.329977632           4.514898777           0.067505561           4.699901104           0.283288300           2.507743835           2.204238415          15.229166985          25.321273804          15.805004120           0.005007306           0.000000000           0.678808749           5.677124500
        683.000          6909             18.89          0.95           0.006144461          13.923984528           0.329977542           4.514899254           0.067505606           4.699903965           0.283272535           2.508843422           2.204238176          15.229165077          25.321275711          15.805003166           0.005006678           0.000000000           0.678808749           5.677124500
        684.000          6832             17.69          0.97           0.006121903          13.924108505           0.329980105           4.514897346           0.067505814           4.699879169           0.283378780           2.502764702           2.204237223          15.229161263          25.321266174          15.804999352           0.005007598           0.000000000           0.678808749           5.677124500
        685.000          6723             16.08          0.99           0.006193325          13.924070358           0.329977989           4.514897346           0.067505658           4.699899673           0.283288807           2.508266449           2.204237461          15.229161263          25.321268082          15.804998398           0.005009191           0.000000000           0.678808749           5.677124500
        686.000          6658             16.74          0.96           0.006255480          13.924173355           0.329978496           4.514897346           0.067505606           4.699892044           0.283323735           2.506160736           2.204237461          15.229161263          25.321268082          15.804998398           0.005008469           0.000000000           0.678808749           5.677124500
        687.000          6600             15.72          1.01           0.006325613          13.924263000           0.329978317           4.514897346           0.067505524           4.699889183           0.283335328           2.505786180           2.204236984          15.229161263          25.321266174          15.804998398           0.005009615           0.000000000           0.678808749           5.677124500
        688.000          6527             17.50          1.01           0.006293226          13.924213409           0.329978108           4.514897346           0.067505516           4.699892044           0.283324748           2.506335497           2.204237461          15.229163170          25.321269989          15.805001259           0.005007764           0.000000000           0.678808749           5.677124500
        689.000          6481             20.41          0.99           0.006309134          13.924197197           0.329977870           4.514897346           0.067505494           4.699895382           0.283312231           2.506683350           2.204237700          15.229161263          25.321268082          15.804999352           0.005005730           0.000000000           0.678808749           5.677124500
        690.000          6402             16.86          1.01           0.006268876          13.924177170           0.329977989           4.514897346           0.067505561           4.699894428           0.283311754           2.506944180           2.204237461          15.229161263          25.321268082          15.805000305           0.005008373           0.000000000           0.678808749           5.677124500
        691.000          6310             18.87          0.97           0.006209182          13.924097061           0.329977721           4.514898300           0.067505546           4.699898720           0.283296585           2.507271290           2.204237223          15.229163170          25.321271896          15.805001259           0.005006691           0.000000000           0.678808749           5.677124500
        692.000          6221             16.40          1.01           0.006236362          13.924146652           0.329977989           4.514897823           0.067505561           4.699894905           0.283309162           2.507308483           2.204237461          15.229161263          25.321264267          15.804997444           0.005008841           0.000000000           0.678808749           5.677124500
        693.000          6136             15.57          1.01           0.006266988          13.924182892           0.329978019           4.514897823           0.067505583           4.699896336           0.283304811           2.507748127           2.204237461          15.229164124          25.321271896          15.805000305           0.005009788           0.000000000           0.678808749           5.677124500
        694.000          6054             15.43          1.06           0.006266317          13.924192429           0.329978168           4.514898300           0.067505606           4.699894905           0.283309370           2.507203817           2.204237461          15.229163170          25.321268082          15.805001259           0.005009950           0.000000000           0.678808749           5.677124500
        695.000          5996             15.64          1.09           0.006295225          13.924231529           0.329978257           4.514897823           0.067505598           4.699895382           0.283313155           2.507176638           2.204237938          15.229163170          25.321269989          15.805002213           0.005009712           0.000000000           0.678808749           5.677124500
        696.000          5887             16.12          1.08           0.006350311          13.924292564           0.329978228           4.514897346           0.067505546           4.699892521           0.283321917           2.507091761           2.204237223          15.229164124          25.321268082          15.805000305           0.005009144           0.000000000           0.678808749           5.677124500
        697.000          5772             16.51          1.08           0.006356113          13.924307823           0.329978168           4.514897823           0.067505531           4.699892521           0.283323139           2.507059574           2.204237223          15.229161263          25.321268082          15.805000305           0.005008712           0.000000000           0.678808749           5.677124500
        698.000          5642             16.73          1.05           0.006323683          13.924279213           0.329978198           4.514897346           0.067505524           4.699891567           0.283329129           2.506446362           2.204237461          15.229164124          25.321271896          15.805002213           0.005008502           0.000000000           0.678808749           5.677124500
        699.000          5569             15.84          1.03           0.006320791          13.924304962           0.329978377           4.514898300           0.067505501           4.699888229           0.283343852           2.505594969           2.204237938          15.229164124          25.321271896          15.805002213           0.005009457           0.000000000           0.678808749           5.677124500
        700.000          5470             15.80          0.97           0.006335156          13.924312592           0.329978496           4.514898300           0.067505516           4.699887276           0.283347189           2.504715919           2.204237461          15.229161263          25.321271896          15.805000305           0.005009516           0.000000000           0.678808749           5.677124500
        701.000          5400             15.45          0.94           0.006350134          13.924310684           0.329978466           4.514897346           0.067505524           4.699888706           0.283339381           2.505890369           2.204237700          15.229161263          25.321268082          15.804998398           0.005009932           0.000000000           0.678808749           5.677124500
        702.000          5285             15.22          0.94           0.006328870          13.924263954           0.329978287           4.514898300           0.067505583           4.699892044           0.283323109           2.507009029           2.204237223          15.229161263          25.321268082          15.805000305           0.005010261           0.000000000           0.678808749           5.677124500
        703.000          5197             15.03          0.94           0.006356921          13.924316406           0.329978704           4.514897346           0.067505546           4.699886322           0.283346623           2.505429745           2.204236984          15.229161263          25.321268082          15.804999352           0.005010485           0.000000000           0.678808749           5.677124500
        704.000          5085             15.14          0.94           0.006383223          13.924331665           0.329978555           4.514897823           0.067505568           4.699888706           0.283340305           2.506182909           2.204237223          15.229163170          25.321268082          15.805001259           0.005010367           0.000000000           0.678808749           5.677124500
        705.000          4895             15.31          0.97           0.006383643          13.924341202           0.329978615           4.514897346           0.067505538           4.699886799           0.283345133           2.506171227           2.204237461          15.229160309          25.321269989          15.804999352           0.005010116           0.000000000           0.678808749           5.677124500
        706.000          4754             17.17          0.97           0.006350271          13.924289703           0.329978496           4.514897346           0.067505531           4.699888229           0.283339173           2.506236076           2.204237223          15.229161263          25.321271896          15.804999352           0.005008088           0.000000000           0.678808749           5.677124500
        707.000          4570             16.58          1.05           0.006341017          13.924275398           0.329978287           4.514898300           0.067505546           4.699892521           0.283323377           2.507015705           2.204237700          15.229164124          25.321273804          15.805002213           0.005008665           0.000000000           0.678808749           5.677124500
        708.000          4436             22.31          1.02           0.006262384          13.924157143           0.329977870           4.514897823           0.067505524           4.699895382           0.283306986           2.507667065           2.204236984          15.229160309          25.321268082          15.804998398           0.005004810           0.000000000           0.678808749           5.677124500
        709.000          4231             16.89          1.12           0.006214582          13.924129486           0.329978049           4.514898777           0.067505598           4.699898243           0.283299655           2.508063078           2.204238176          15.229166985          25.321275711          15.805004120           0.005008353           0.000000000           0.678808749           5.677124500
        710.000           283             15.83          1.14           0.006192698          13.924147606           0.329978466           4.514897823           0.067505635           4.699893475           0.283316314           2.506573915           2.204237700          15.229161263          25.321266174          15.805000305           0.005009491           0.000000000           0.678808749           5.677124500
        711.000          4183             24.46          0.94           0.006134827          13.924005508           0.329977453           4.514896870           0.067505606           4.699903965           0.283268988           2.509287119           2.204236984          15.229161263          25.321264267          15.804999352           0.005004015           0.000000000           0.678808749           5.677124500
        712.000         26387             16.55          1.03           0.006127947          13.924007416           0.329977512           4.514897823           0.067505643           4.699905396           0.283266276           2.509333611           2.204237700          15.229161263          25.321269989          15.804999352           0.005008693           0.000000000           0.678808749           5.677124500
        713.000         22660             15.83          0.97           0.006166615          13.924100876           0.329978108           4.514898300           0.067505620           4.699898243           0.283301264           2.507701874           2.204238415          15.229164124          25.321268082          15.805003166           0.005009495           0.000000000           0.678808749           5.677124500
        714.000         21551             19.32          0.99           0.006178396          13.924100876           0.329978168           4.514897346           0.067505576           4.699893951           0.283314258           2.506174326           2.204237223          15.229161263          25.321266174          15.805000305           0.005006404           0.000000000           0.678808749           5.677124500
        715.000         11632             18.69          1.03           0.006214510          13.924145699           0.329978585           4.514897346           0.067505650           4.699892521           0.283322781           2.506305933           2.204237461          15.229161263          25.321266174          15.804997444           0.005006847           0.000000000           0.678808749           5.677124500
        716.000          5075             16.64          1.07           0.006235051          13.924133301           0.329977781           4.514897346           0.067505606           4.699900150           0.283289135           2.508491039           2.204237461          15.229161263          25.321264267          15.804999352           0.005008603           0.000000000           0.678808749           5.677124500
        717.000           254             20.98          0.96           0.006288217          13.924223900           0.329978168           4.514898300           0.067505509           4.699892044           0.283327520           2.505989313           2.204237461          15.229163170          25.321268082          15.805000305           0.005005439           0.000000000           0.678808749           5.677124500
        718.000          6260             17.33          1.03           0.006380493          13.924322128           0.329978228           4.514897346           0.067505442           4.699887753           0.283343643           2.505620480           2.204237223          15.229161263          25.321268082          15.804998398           0.005007948           0.000000000           0.678808749           5.677124500
        719.000         13419             17.70          0.95           0.006328900          13.924241066           0.329977781           4.514897346           0.067505494           4.699895382           0.283312142           2.507293940           2.204236984          15.229160309          25.321268082          15.804998398           0.005007611           0.000000000           0.678808749           5.677124500
        720.000         16673             16.93          0.98           0.006251531          13.924165726           0.329977930           4.514898300           0.067505553           4.699896812           0.283304691           2.507213116           2.204237461          15.229161263          25.321266174          15.805000305           0.005008318           0.000000000           0.678808749           5.677124500
        721.000         21838             19.15          1.06           0.006213069          13.924170494           0.329978883           4.514896870           0.067505643           4.699887753           0.283342868           2.505539656           2.204236984          15.229161263          25.321268082          15.804998398           0.005006517           0.000000000           0.678808749           5.677124500
        722.000         29615             20.14          1.12           0.006181142          13.924115181           0.329978585           4.514897823           0.067505650           4.699891090           0.283327937           2.506149769           2.204237461          15.229163170          25.321271896          15.804999352           0.005005895           0.000000000           0.678808749           5.677124500
        723.000         33824             18.73          1.17           0.006186070          13.924098015           0.329977781           4.514897823           0.067505546           4.699897766           0.283297747           2.507662296           2.204237223          15.229163170          25.321269989          15.805000305           0.005006805           0.000000000           0.678808749           5.677124500
        724.000         37809             19.75          1.16           0.006106107          13.923989296           0.329977572           4.514896870           0.067505561           4.699901581           0.283280969           2.507600784           2.204236984          15.229163170          25.321266174          15.804998398           0.005006130           0.000000000           0.678808749           5.677124500
        725.000         37827             17.58          1.00           0.006086587          13.923958778           0.329977810           4.514898300           0.067505643           4.699902058           0.283280134           2.508245707           2.204237700          15.229164124          25.321266174          15.805001259           0.005007711           0.000000000           0.678808749           5.677124500
