# Modell
Rhein_Test 
# Wetter-Ereignis                             
Rhein_2006_E 
# Anzahl der Wetterstationen 
#       Schalter, 0-Tagesmittelwerte, 1-Stundenwerte                          
  3     0
# Nummer der Station und Anzahl der Werte
  2                      365
#      Datum 
#             Uhrzeit
#                     glob-Globalstahlung ->schwi
#                               tlmax-Max.Lufttemperatur
#                                       tlmin-Min.Lufttemperatur
#                                              ro-%Luftfeuchte
#                                                      wge-Windgeschwindigkeit
#                                                              cloudBedeckungsgrad in Achteln
#                                                                    typw-Wolkentyp
 1   1  2006  -1.00   270.00    8.60    2.90   86.00   10.40   6.7   3.0
 2   1  2006  -1.00   171.00    5.30    1.60   90.00    4.60   7.0   3.0
 3   1  2006  -1.00   172.00    4.00    1.10   92.00    2.50   8.0   3.0
 4   1  2006  -1.00   203.00    1.50   -2.20   92.00    4.60   6.7   3.0
 5   1  2006  -1.00   175.00    2.70   -1.60   80.00    2.50   7.0   3.0
 6   1  2006  -1.00   189.00    2.50   -2.10   82.00    4.60   7.7   3.0
 7   1  2006  -1.00   178.00    1.60   -3.30   84.00    4.60   7.7   3.0
 8   1  2006  -1.00   552.00    2.90   -4.80   84.00    4.60   3.0   3.0
 9   1  2006  -1.00   194.00   -0.70   -7.00   91.00    4.60   6.0   3.0
10   1  2006  -1.00   183.00   -2.00   -4.30   92.00    4.60   8.0   3.0
11   1  2006  -1.00   329.00   -0.40   -4.60   94.00    4.60   7.7   3.0
12   1  2006  -1.00   187.00    1.90   -1.30   96.00    4.60   8.0   3.0
13   1  2006  -1.00   329.00    0.60   -6.10   89.00    4.60   3.0   3.0
14   1  2006  -1.00   447.00   -0.20   -8.20   91.00    2.50   3.3   3.0
15   1  2006  -1.00   374.00   -2.50   -9.00   89.00    2.50   0.7   3.0
16   1  2006  -1.00   248.00   -2.90   -7.10   95.00    4.60   7.7   3.0
17   1  2006  -1.00   198.00    4.90   -4.60   97.00    2.50   8.0   3.0
18   1  2006  -1.00   201.00    5.50    1.00   95.00    4.60   6.0   3.0
19   1  2006  -1.00   203.00    3.10    0.10   99.00    4.60   8.0   3.0
20   1  2006  -1.00   206.00    6.30    1.40   92.00    7.30   7.7   3.0
21   1  2006  -1.00   243.00    7.60    3.40   85.00    4.60   7.0   3.0
22   1  2006  -1.00   212.00    3.40   -3.20   86.00    2.50   7.3   3.0
23   1  2006  -1.00   769.00   -1.20   -7.20   68.00    4.60   0.0   3.0
24   1  2006  -1.00   756.00    0.90   -8.10   63.00    7.30   2.7   3.0
25   1  2006  -1.00   418.00    1.80   -6.50   81.00    7.30   7.0   3.0
26   1  2006  -1.00   224.00   -0.80   -6.00   92.00    7.30   8.0   3.0
27   1  2006  -1.00   580.00   -5.50   -9.80   78.00    7.30   2.7   3.0
28   1  2006  -1.00   739.00    0.80   -8.90   75.00   10.40   4.0   3.0
29   1  2006  -1.00   821.00    3.80   -5.40   63.00    4.60   1.0   3.0
30   1  2006  -1.00   852.00    3.30   -7.20   68.00    2.50   0.7   3.0
31   1  2006  -1.00   727.00    0.70   -6.10   90.00    2.50   5.0   3.0
 1   2  2006  -1.00   244.00   -2.80   -8.50   96.00    4.60   8.0   3.0
 2   2  2006  -1.00   248.00   -3.60   -6.30   97.00    2.50   8.0   3.0
 3   2  2006  -1.00   251.00   -5.20   -6.90   93.00    2.50   8.0   3.0
 4   2  2006  -1.00   310.00    0.30   -6.30   82.00    2.50   7.7   3.0
 5   2  2006  -1.00   330.00    2.80   -4.50   81.00    2.50   6.7   3.0
 6   2  2006  -1.00   263.00    2.70   -0.20   83.00    2.50   7.7   3.0
 7   2  2006  -1.00   267.00    3.70    2.00   89.00    2.50   8.0   3.0
 8   2  2006  -1.00   271.00    3.80    1.70   89.00    4.60   7.3   3.0
 9   2  2006  -1.00   471.00    5.00    0.90   82.00    4.60   6.3   3.0
10   2  2006  -1.00   279.00    2.70    0.30   83.00    7.30   8.0   3.0
11   2  2006  -1.00   400.00    4.30   -2.60   82.00    4.60   7.0   3.0
12   2  2006  -1.00   590.00    4.80   -4.60   74.00    2.50   6.0   3.0
13   2  2006  -1.00  1082.00    5.70   -5.90   75.00    2.50   4.0   3.0
14   2  2006  -1.00   296.00    5.70    0.20   82.00    2.50   7.3   3.0
15   2  2006  -1.00   301.00    6.90    3.60   92.00    2.50   7.7   3.0
16   2  2006  -1.00   445.00   12.00    5.40   91.00    2.50   7.7   3.0
17   2  2006  -1.00   618.00    9.90    3.40   83.00    7.30   7.0   3.0
18   2  2006  -1.00   545.00   11.70    4.40   78.00   10.40   7.3   3.0
19   2  2006  -1.00   543.00   11.20    1.50   71.00    7.30   5.7   3.0
20   2  2006  -1.00   550.00   10.70    3.20   85.00    7.30   7.3   3.0
21   2  2006  -1.00   538.00    9.80    2.70   90.00    2.50   7.0   3.0
22   2  2006  -1.00   333.00    5.10    2.00   76.00    7.30   8.0   3.0
23   2  2006  -1.00   338.00    2.30    0.50   76.00    4.60   8.0   3.0
24   2  2006  -1.00   343.00    6.10    1.40   66.00    1.00   8.0   3.0
25   2  2006  -1.00   348.00    3.50   -0.80   61.00    2.50   7.7   3.0
26   2  2006  -1.00   352.00   -0.20   -3.30   80.00    7.30   7.3   3.0
27   2  2006  -1.00  1116.00    5.20   -6.30   69.00    4.60   3.7   3.0
28   2  2006  -1.00   479.00    3.90   -1.10   81.00    4.60   8.0   3.0
 1   3  2006  -1.00   601.00    3.80   -1.00   74.00    4.60   5.3   3.0
 2   3  2006  -1.00   785.00    3.30   -3.60   86.00    7.30   5.0   3.0
 3   3  2006  -1.00   378.00    6.70   -3.70   95.00    4.60   8.0   3.0
 4   3  2006  -1.00   383.00    0.80   -1.70   96.00    2.50   8.0   3.0
 5   3  2006  -1.00  1062.00    3.60   -3.20   85.00    7.30   5.7   3.0
 6   3  2006  -1.00   596.00    3.50   -1.30   83.00    4.60   7.3   3.0
 7   3  2006  -1.00   959.00    5.90   -1.40   73.00    4.60   7.0   3.0
 8   3  2006  -1.00   403.00    8.10   -2.70   87.00    2.50   7.7   3.0
 9   3  2006  -1.00   419.00   10.00    7.10   92.00    2.50   7.3   3.0
10   3  2006  -1.00   716.00    9.30    2.00   83.00   10.40   5.0   3.0
11   3  2006  -1.00   419.00    5.60   -2.90   88.00    2.50   8.0   3.0
12   3  2006  -1.00   921.00    1.00   -5.30   71.00    2.50   4.0   3.0
13   3  2006  -1.00  1196.00    2.40   -5.80   67.00    4.60   2.7   3.0
14   3  2006  -1.00  1624.00    5.60   -5.70   65.00    2.50   1.0   3.0
15   3  2006  -1.00   645.00    5.40   -2.90   70.00    2.50   5.3   3.0
16   3  2006  -1.00   446.00    3.90    0.30   66.00    1.00   7.7   3.0
17   3  2006  -1.00   855.00    6.70   -0.50   66.00    2.50   7.0   3.0
18   3  2006  -1.00  1335.00   10.40    0.30   65.00    4.60   3.0   3.0
19   3  2006  -1.00  1688.00   12.80   -1.60   65.00    4.60   0.7   3.0
20   3  2006  -1.00  1701.00   16.10   -3.60   63.00    4.60   0.3   3.0
21   3  2006  -1.00   473.00    6.60    1.80   87.00    2.50   8.0   3.0
22   3  2006  -1.00   478.00    5.90    1.70   85.00    2.50   7.7   3.0
23   3  2006  -1.00  1422.00   10.50    1.70   63.00    2.50   6.0   3.0
24   3  2006  -1.00   569.00   11.20    1.50   86.00    2.50   7.3   3.0
25   3  2006  -1.00   677.00   15.20    9.10   86.00    2.50   7.3   3.0
26   3  2006  -1.00   661.00   19.30   11.50   83.00    2.50   7.7   3.0
27   3  2006  -1.00   990.00   20.70    8.30   79.00    7.30   6.7   3.0
28   3  2006  -1.00   569.00   14.30    7.40   78.00    7.30   7.0   3.0
29   3  2006  -1.00   819.00   14.00    6.30   79.00    4.60   5.7   3.0
30   3  2006  -1.00   533.00   15.80    7.50   84.00    4.60   8.0   3.0
31   3  2006  -1.00   845.00   17.10   10.00   69.00    2.50   6.0   3.0
 1   4  2006  -1.00  1136.00   19.00    8.70   66.00    2.50   5.7   3.0
 2   4  2006  -1.00   728.00   16.70    8.00   82.00    4.60   6.3   3.0
 3   4  2006  -1.00  1069.00   14.00    5.70   82.00    2.50   6.0   3.0
 4   4  2006  -1.00  1196.00   14.10    3.90   72.00    2.50   6.7   3.0
 5   4  2006  -1.00   553.00    6.80    3.10   76.00    2.50   7.7   3.0
 6   4  2006  -1.00  1770.00   12.30   -1.70   61.00    2.50   2.7   3.0
 7   4  2006  -1.00  2073.00   15.30   -1.80   56.00    4.60   1.0   3.0
 8   4  2006  -1.00  2023.00   18.40    2.80   51.00    4.60   1.7   3.0
 9   4  2006  -1.00   696.00   12.70    7.70   65.00    2.50   7.7   3.0
10   4  2006  -1.00   579.00    7.80    4.50   89.00    2.50   8.0   3.0
11   4  2006  -1.00  1537.00   12.80    2.40   59.00    2.50   3.7   3.0
12   4  2006  -1.00   813.00   10.40    4.40   82.00    2.50   7.3   3.0
13   4  2006  -1.00   594.00   10.50    5.90   82.00    2.50   7.7   3.0
14   4  2006  -1.00   624.00   14.20    6.30   83.00    4.60   7.0   3.0
15   4  2006  -1.00   855.00   17.40    4.00   84.00    2.50   7.7   3.0
16   4  2006  -1.00   659.00   14.00   10.00   83.00    2.50   7.3   3.0
17   4  2006  -1.00   791.00   17.00   10.10   77.00    2.50   7.3   3.0
18   4  2006  -1.00  1444.00   18.80    7.40   67.00    4.60   4.3   3.0
19   4  2006  -1.00  2255.00   19.80    5.50   59.00    2.50   6.0   3.0
20   4  2006  -1.00  1984.00   21.00    5.40   60.00    2.50   2.7   3.0
21   4  2006  -1.00  2211.00   25.40    5.80   59.00    2.50   6.0   3.0
22   4  2006  -1.00  1538.00   20.80    9.50   64.00    2.50   6.3   3.0
23   4  2006  -1.00  2282.00   21.30    5.20   57.00    2.50   4.7   3.0
24   4  2006  -1.00  2317.00   23.70    4.70   54.00    4.60   3.0   3.0
25   4  2006  -1.00  1482.00   23.70   11.80   70.00    4.60   5.7   3.0
26   4  2006  -1.00   838.00   18.70   12.70   88.00    4.60   7.3   3.0
27   4  2006  -1.00   660.00   16.30   11.50   90.00    2.50   8.0   3.0
28   4  2006  -1.00  1870.00   18.00   10.40   57.00    2.50   4.7   3.0
29   4  2006  -1.00  1470.00   14.20    4.90   55.00    7.30   5.0   3.0
30   4  2006  -1.00  2043.00   15.80    2.50   59.00    7.30   7.0   3.0
 1   5  2006  -1.00  1152.00   16.70    3.90   68.00    4.60   6.7   3.0
 2   5  2006  -1.00  2495.00   23.20    6.50   64.00    2.50   5.0   3.0
 3   5  2006  -1.00  2053.00   27.30    7.50   57.00    4.60   6.0   3.0
 4   5  2006  -1.00  2366.00   27.30   11.00   51.00    4.60   6.7   3.0
 5   5  2006  -1.00  2361.00   24.70   12.90   49.00    7.30   6.0   3.0
 6   5  2006  -1.00  2395.00   25.10   11.00   45.00    7.30   4.0   3.0
 7   5  2006  -1.00  2403.00   25.20    7.10   45.00    4.60   3.3   3.0
 8   5  2006  -1.00  1873.00   23.00    9.60   61.00    4.60   7.0   3.0
 9   5  2006  -1.00   883.00   14.40    8.60   84.00    7.30   7.0   3.0
10   5  2006  -1.00  2033.00   21.30    6.60   74.00    4.60   3.0   3.0
11   5  2006  -1.00  2567.00   25.70    6.70   58.00    2.50   0.3   3.0
12   5  2006  -1.00  2398.00   27.30    7.30   55.00    4.60   2.7   3.0
13   5  2006  -1.00  1400.00   23.40   13.00   75.00    7.30   6.7   3.0
14   5  2006  -1.00  1718.00   22.90   11.80   69.00    4.60   5.3   3.0
15   5  2006  -1.00  1764.00   25.60    9.60   66.00    2.50   7.0   3.0
16   5  2006  -1.00   909.00   23.30   14.50   78.00    4.60   7.3   3.0
17   5  2006  -1.00  1978.00   24.30   14.10   73.00    2.50   6.3   3.0
18   5  2006  -1.00   779.00   20.20   14.50   85.00    2.50   7.7   3.0
19   5  2006  -1.00  1426.00   19.50   12.80   67.00    4.60   6.3   3.0
20   5  2006  -1.00   991.00   18.30   10.60   75.00    4.60   6.0   3.0
21   5  2006  -1.00  1489.00   20.70   11.90   66.00    2.50   5.3   3.0
22   5  2006  -1.00  1231.00   23.60    9.50   81.00    4.60   7.0   3.0
23   5  2006  -1.00  2489.00   19.60    7.80   57.00    4.60   3.0   3.0
24   5  2006  -1.00  2411.00   20.50    6.20   58.00    2.50   3.7   3.0
25   5  2006  -1.00   771.00   15.20   11.50   75.00    2.50   8.0   3.0
26   5  2006  -1.00   759.00   18.10   12.40   94.00    2.50   8.0   3.0
27   5  2006  -1.00   942.00   22.10   14.30   85.00    2.50   7.0   3.0
28   5  2006  -1.00  1416.00   22.70   13.10   70.00    4.60   6.3   3.0
29   5  2006  -1.00   919.00   15.40    8.10   86.00    2.50   7.7   3.0
30   5  2006  -1.00  1227.00   14.00    5.70   89.00    4.60   7.3   3.0
31   5  2006  -1.00  1007.00   15.00    6.70   80.00    2.50   7.3   3.0
 1   6  2006  -1.00   953.00   12.60    7.50   83.00    7.30   7.0   3.0
 2   6  2006  -1.00  1443.00   17.20    6.50   75.00    7.30   5.7   3.0
 3   6  2006  -1.00  1766.00   19.70    3.60   76.00    2.50   5.0   3.0
 4   6  2006  -1.00  1866.00   16.90    9.60   73.00    4.60   7.0   3.0
 5   6  2006  -1.00  1352.00   19.00    9.10   68.00    2.50   7.0   3.0
 6   6  2006  -1.00  1815.00   20.00    6.10   64.00    4.60   3.7   3.0
 7   6  2006  -1.00  2531.00   22.10    5.50   59.00    2.50   2.7   3.0
 8   6  2006  -1.00  2799.00   23.50    6.90   53.00    2.50   2.3   3.0
 9   6  2006  -1.00  2830.00   25.90    9.10   51.00    2.50   4.0   3.0
10   6  2006  -1.00  2888.00   27.20   10.90   54.00    2.50   3.3   3.0
11   6  2006  -1.00  2918.00   27.50   13.30   50.00    2.50   0.0   3.0
12   6  2006  -1.00  2906.00   30.40   11.30   49.00    2.50   0.3   3.0
13   6  2006  -1.00  2865.00   32.40   12.90   53.00    2.50   0.7   3.0
14   6  2006  -1.00  2810.00   33.80   15.20   56.00    4.60   1.7   3.0
15   6  2006  -1.00  2559.00   31.50   17.00   64.00    2.50   4.0   3.0
16   6  2006  -1.00  1998.00   27.60   17.00   68.00    4.60   5.0   3.0
17   6  2006  -1.00  2884.00   27.00   11.70   54.00    4.60   1.0   3.0
18   6  2006  -1.00  2772.00   33.30   14.40   53.00    4.60   1.0   3.0
19   6  2006  -1.00  2027.00   31.50   16.80   69.00    4.60   4.3   3.0
20   6  2006  -1.00  1381.00   27.40   15.50   81.00    4.60   5.3   3.0
21   6  2006  -1.00  1929.00   28.30   18.50   71.00    2.50   3.7   3.0
22   6  2006  -1.00   917.00   24.10   16.60   67.00    2.50   7.0   3.0
23   6  2006  -1.00  2730.00   25.20   14.20   49.00    2.50   2.7   3.0
24   6  2006  -1.00  2814.00   31.50   14.40   55.00    2.50   4.3   3.0
25   6  2006  -1.00  1872.00   35.20   16.90   69.00    2.50   4.7   3.0
26   6  2006  -1.00  2391.00   28.90   16.50   74.00    2.50   3.3   3.0
27   6  2006  -1.00  2166.00   28.60   16.60   73.00    4.60   5.0   3.0
28   6  2006  -1.00  1322.00   25.60   16.40   82.00    4.60   6.3   3.0
29   6  2006  -1.00  2192.00   28.50   17.90   70.00    4.60   4.7   3.0
30   6  2006  -1.00  2738.00   28.80   16.20   66.00    2.50   1.0   3.0
 1   7  2006  -1.00  2820.00   28.80   15.90   60.00    4.60   0.7   3.0
 2   7  2006  -1.00  2902.00   29.70   16.00   51.00    4.60   0.0   3.0
 3   7  2006  -1.00  2872.00   31.10   15.60   57.00    4.60   0.7   3.0
 4   7  2006  -1.00  2786.00   33.40   18.30   55.00    4.60   1.0   3.0
 5   7  2006  -1.00  2616.00   34.20   18.10   63.00    4.60   4.0   3.0
 6   7  2006  -1.00  2375.00   29.50   17.50   76.00    2.50   6.7   3.0
 7   7  2006  -1.00  1170.00   26.80   17.90   87.00    2.50   6.7   3.0
 8   7  2006  -1.00  2035.00   27.90   17.30   79.00    4.60   4.3   3.0
 9   7  2006  -1.00  2255.00   30.50   16.00   74.00    2.50   5.3   3.0
10   7  2006  -1.00  2727.00   30.60   19.20   64.00    2.50   2.7   3.0
11   7  2006  -1.00  2668.00   33.60   17.60   62.00    2.50   1.3   3.0
12   7  2006  -1.00  1675.00   30.60   21.20   72.00    4.60   5.0   3.0
13   7  2006  -1.00  2187.00   33.10   20.60   72.00    4.60   3.3   3.0
14   7  2006  -1.00  2364.00   28.50   19.00   69.00    2.50   2.7   3.0
15   7  2006  -1.00  2749.00   28.60   15.40   51.00    4.60   1.7   3.0
16   7  2006  -1.00  2842.00   29.80   14.60   48.00    2.50   0.3   3.0
17   7  2006  -1.00  2837.00   30.70   15.10   45.00    2.50   0.0   3.0
18   7  2006  -1.00  2818.00   33.30   14.50   49.00    2.50   1.7   3.0
19   7  2006  -1.00  2730.00   35.80   15.90   45.00    2.50   0.7   3.0
20   7  2006  -1.00  2353.00   36.80   19.10   52.00    2.50   4.7   3.0
21   7  2006  -1.00  2444.00   36.30   20.50   56.00    2.50   3.3   3.0
22   7  2006  -1.00  1930.00   36.90   20.70   66.00    4.60   4.7   3.0
23   7  2006  -1.00  1775.00   33.40   19.90   74.00    4.60   5.0   3.0
24   7  2006  -1.00  2579.00   33.20   19.90   67.00    4.60   1.3   3.0
25   7  2006  -1.00  2533.00   36.20   20.90   56.00    4.60   3.0   3.0
26   7  2006  -1.00  1583.00   35.30   21.00   60.00    4.60   7.0   3.0
27   7  2006  -1.00  2357.00   37.20   20.00   60.00    2.50   5.0   3.0
28   7  2006  -1.00  1588.00   29.80   19.60   75.00    2.50   5.7   3.0
29   7  2006  -1.00  1787.00   31.10   18.70   80.00    2.50   5.0   3.0
30   7  2006  -1.00  2135.00   32.80   19.30   65.00    4.60   5.7   3.0
31   7  2006  -1.00  1587.00   29.20   19.50   65.00    2.50   6.3   3.0
 1   8  2006  -1.00   973.00   25.40   16.30   82.00    2.50   6.3   3.0
 2   8  2006  -1.00  2211.00   25.00   14.10   64.00    4.60   4.3   3.0
 3   8  2006  -1.00  1423.00   24.80   12.10   75.00    4.60   6.3   3.0
 4   8  2006  -1.00  1902.00   24.90   12.60   75.00    4.60   3.7   3.0
 5   8  2006  -1.00  1640.00   25.20   14.70   79.00    2.50   6.3   3.0
 6   8  2006  -1.00   966.00   24.80   15.90   88.00    7.30   7.0   3.0
 7   8  2006  -1.00  2002.00   27.40   15.30   66.00    7.30   6.7   3.0
 8   8  2006  -1.00   877.00   22.30   14.40   78.00    7.30   7.3   3.0
 9   8  2006  -1.00  1390.00   25.10   15.60   65.00   10.40   6.3   3.0
10   8  2006  -1.00  1027.00   21.60   13.10   78.00    4.60   6.7   3.0
11   8  2006  -1.00   850.00   18.80   12.30   88.00    7.30   7.3   3.0
12   8  2006  -1.00  1465.00   20.60   11.90   81.00    4.60   6.7   3.0
13   8  2006  -1.00   946.00   18.20   12.60   84.00    7.30   7.0   3.0
14   8  2006  -1.00   901.00   19.90   13.40   85.00   10.40   6.3   3.0
15   8  2006  -1.00  1145.00   23.50   13.50   80.00   10.40   6.3   3.0
16   8  2006  -1.00  1243.00   24.50   13.60   85.00    7.30   7.7   3.0
17   8  2006  -1.00  1198.00   27.50   15.90   78.00    4.60   6.7   3.0
18   8  2006  -1.00  1698.00   25.70   15.40   74.00    7.30   4.0   3.0
19   8  2006  -1.00  1612.00   29.00   11.80   78.00    2.50   3.3   3.0
20   8  2006  -1.00  1360.00   24.50   14.50   76.00    4.60   7.0   3.0
21   8  2006  -1.00  1443.00   24.30   15.10   74.00    7.30   6.3   3.0
22   8  2006  -1.00   834.00   20.90   13.90   83.00    4.60   6.3   3.0
23   8  2006  -1.00  1747.00   25.20   13.00   71.00    2.50   4.7   3.0
24   8  2006  -1.00  1395.00   23.20   13.30   79.00    2.50   5.7   3.0
25   8  2006  -1.00   628.00   16.90   13.30   93.00    7.30   8.0   3.0
26   8  2006  -1.00  1481.00   23.90   13.70   80.00    4.60   5.7   3.0
27   8  2006  -1.00   920.00   21.90   13.80   89.00    7.30   6.7   3.0
28   8  2006  -1.00   625.00   16.60   10.80   97.00    4.60   7.7   3.0
29   8  2006  -1.00   970.00   17.70   10.20   91.00    4.60   6.7   3.0
30   8  2006  -1.00   889.00   19.40   10.80   85.00    4.60   6.7   3.0
31   8  2006  -1.00  1936.00   22.30    9.90   75.00    2.50   3.0   3.0
 1   9  2006  -1.00  2049.00   26.40   10.30   72.00    2.50   4.0   3.0
 2   9  2006  -1.00  1190.00   28.10   15.20   73.00    2.50   6.3   3.0
 3   9  2006  -1.00   802.00   24.80   18.50   77.00    2.50   7.3   3.0
 4   9  2006  -1.00  1369.00   28.50   19.70   73.00    4.60   4.3   3.0
 5   9  2006  -1.00  1785.00   27.50   16.60   75.00    4.60   0.7   3.0
 6   9  2006  -1.00  1473.00   28.30   14.80   77.00    4.60   3.7   3.0
 7   9  2006  -1.00  1403.00   29.60   15.30   78.00    2.50   4.7   3.0
 8   9  2006  -1.00  1921.00   21.50   10.70   67.00    2.50   1.3   3.0
 9   9  2006  -1.00  1969.00   25.20    8.10   63.00    2.50   1.0   3.0
10   9  2006  -1.00  1910.00   26.60   11.30   68.00    2.50   6.7   3.0
11   9  2006  -1.00  1850.00   29.30   14.50   75.00    2.50   2.0   3.0
12   9  2006  -1.00  1862.00   29.40   14.30   73.00    2.50   2.0   3.0
13   9  2006  -1.00  1838.00   29.70   14.50   72.00    2.50   1.7   3.0
14   9  2006  -1.00   989.00   25.80   13.10   73.00    2.50   6.3   3.0
15   9  2006  -1.00   588.00   22.50   15.70   78.00    2.50   6.7   3.0
16   9  2006  -1.00   789.00   22.20   14.70   88.00    4.60   6.0   3.0
17   9  2006  -1.00   496.00   19.00   16.30   96.00    7.30   8.0   3.0
18   9  2006  -1.00   490.00   19.00   15.60   94.00    4.60   8.0   3.0
19   9  2006  -1.00   723.00   22.20   15.20   86.00    7.30   6.3   3.0
20   9  2006  -1.00  1538.00   24.00   13.90   81.00   10.40   3.3   3.0
21   9  2006  -1.00  1773.00   27.40   10.50   76.00    7.30   0.7   3.0
22   9  2006  -1.00  1638.00   27.60   10.90   79.00    4.60   3.0   3.0
23   9  2006  -1.00  1470.00   26.90   13.80   79.00    4.60   2.0   3.0
24   9  2006  -1.00  1525.00   27.40   13.90   79.00    4.60   2.7   3.0
25   9  2006  -1.00   650.00   23.40   14.80   88.00    4.60   7.3   3.0
26   9  2006  -1.00   491.00   20.30   14.50   92.00    2.50   7.3   3.0
27   9  2006  -1.00   993.00   22.20   12.50   85.00    2.50   6.7   3.0
28   9  2006  -1.00  1230.00   21.40   10.00   89.00    4.60   6.7   3.0
29   9  2006  -1.00  1071.00   23.60   12.60   84.00    4.60   6.0   3.0
30   9  2006  -1.00   913.00   25.10   13.70   84.00    7.30   6.0   3.0
 1  10  2006  -1.00   789.00   23.90   15.20   89.00    7.30   6.7   3.0
 2  10  2006  -1.00   436.00   17.20   13.40   95.00    7.30   7.7   3.0
 3  10  2006  -1.00   410.00   15.30   11.20   99.00   10.40   8.0   3.0
 4  10  2006  -1.00   827.00   17.70   10.60   87.00   10.40   7.0   3.0
 5  10  2006  -1.00   758.00   18.20   10.00   82.00    7.30   5.3   3.0
 6  10  2006  -1.00   526.00   19.10   12.20   79.00    7.30   7.0   3.0
 7  10  2006  -1.00   802.00   17.80    9.20   87.00    4.60   6.0   3.0
 8  10  2006  -1.00  1374.00   19.20    4.50   81.00    7.30   3.0   3.0
 9  10  2006  -1.00  1352.00   22.30    5.10   84.00    7.30   4.7   3.0
10  10  2006  -1.00  1162.00   21.50    7.40   88.00    2.50   6.3   3.0
11  10  2006  -1.00   476.00   16.90    9.10   96.00    4.60   7.0   3.0
12  10  2006  -1.00  1013.00   22.70   11.20   88.00    4.60   5.3   3.0
13  10  2006  -1.00   715.00   22.20   12.50   90.00    2.50   5.3   3.0
14  10  2006  -1.00   449.00   17.50   11.40   83.00    2.50   8.0   3.0
15  10  2006  -1.00   775.00   17.00    9.00   85.00    4.60   2.3   3.0
16  10  2006  -1.00  1264.00   17.10    6.20   82.00    7.30   0.0   3.0
17  10  2006  -1.00   814.00   16.60    4.00   89.00    4.60   3.7   3.0
18  10  2006  -1.00   943.00   18.30    4.30   89.00    4.60   6.3   3.0
19  10  2006  -1.00   467.00   19.40   10.10   91.00    4.60   7.0   3.0
20  10  2006  -1.00   878.00   22.50   12.50   82.00    4.60   4.7   3.0
21  10  2006  -1.00   527.00   19.90   14.00   86.00    4.60   7.0   3.0
22  10  2006  -1.00  1126.00   23.00   12.70   80.00    4.60   5.7   3.0
23  10  2006  -1.00   320.00   17.50   14.00   96.00    7.30   8.0   3.0
24  10  2006  -1.00   814.00   19.50   11.80   74.00    7.30   3.7   3.0
25  10  2006  -1.00   449.00   17.80    8.00   80.00   10.40   6.3   3.0
26  10  2006  -1.00  1045.00   22.80    7.00   84.00    2.50   2.7   3.0
27  10  2006  -1.00   463.00   21.00   13.10   90.00    4.60   6.7   3.0
28  10  2006  -1.00   297.00   18.30   14.00   89.00    7.30   7.3   3.0
29  10  2006  -1.00   426.00   19.60    8.40   82.00    4.60   6.3   3.0
30  10  2006  -1.00   959.00   18.00    5.30   85.00    2.50   1.7   3.0
31  10  2006  -1.00   456.00   16.10    4.30   86.00    2.50   7.0   3.0
 1  11  2006  -1.00   678.00   12.30    2.80   77.00    7.30   4.0   3.0
 2  11  2006  -1.00   783.00    9.50   -0.30   74.00    7.30   4.7   3.0
 3  11  2006  -1.00   375.00    8.90    2.00   87.00   10.40   6.7   3.0
 4  11  2006  -1.00   339.00    9.50    4.20   86.00    2.50   6.0   3.0
 5  11  2006  -1.00   350.00    9.10    4.30   86.00    4.60   7.3   3.0
 6  11  2006  -1.00   392.00   10.50    1.10   88.00    4.60   7.3   3.0
 7  11  2006  -1.00   249.00    4.10   -0.20   99.00    7.30   8.0   3.0
 8  11  2006  -1.00   321.00   14.20    2.80   89.00    4.60   7.0   3.0
 9  11  2006  -1.00   444.00   15.60    3.20   83.00    4.60   6.3   3.0
10  11  2006  -1.00   818.00   11.50   -0.10   84.00    2.50   4.0   3.0
11  11  2006  -1.00   235.00   10.10    1.00   96.00    2.50   7.0   3.0
12  11  2006  -1.00   362.00   10.60    5.70   83.00    4.60   7.0   3.0
13  11  2006  -1.00   228.00   10.70    5.70   86.00    7.30   8.0   3.0
14  11  2006  -1.00   225.00   14.70   10.00   91.00   10.40   8.0   3.0
15  11  2006  -1.00   759.00   20.80    6.40   85.00    7.30   4.0   3.0
16  11  2006  -1.00   744.00   20.10    3.80   87.00    7.30   4.0   3.0
17  11  2006  -1.00   285.00   14.70   10.60   92.00    2.50   6.7   3.0
18  11  2006  -1.00   522.00   16.10    7.70   88.00    2.50   6.7   3.0
19  11  2006  -1.00   210.00   11.10    6.10   94.00    1.00   7.3   3.0
20  11  2006  -1.00   578.00   11.80    4.40   75.00    2.50   6.3   3.0
21  11  2006  -1.00   231.00   11.80    6.90   93.00    7.30   7.7   3.0
22  11  2006  -1.00   228.00    7.30    2.90   87.00   10.40   7.3   3.0
23  11  2006  -1.00   199.00   15.90    3.60   81.00   10.40   7.3   3.0
24  11  2006  -1.00   333.00   16.40    9.50   85.00   10.40   6.3   3.0
25  11  2006  -1.00   207.00   15.80    8.90   89.00    4.60   7.0   3.0
26  11  2006  -1.00   403.00   14.30    6.60   94.00    2.50   5.7   3.0
27  11  2006  -1.00   514.00   12.10    3.60   96.00    2.50   4.0   3.0
28  11  2006  -1.00   477.00    9.50    4.20   95.00    2.50   7.3   3.0
29  11  2006  -1.00   186.00   11.40    5.10   98.00    1.00   7.7   3.0
30  11  2006  -1.00   190.00    9.20    6.80   91.00    2.50   7.7   3.0
 1  12  2006  -1.00   631.00   12.70    0.90   89.00    4.60   0.7   3.0
 2  12  2006  -1.00   455.00    9.30    0.40   93.00    4.60   5.3   3.0
 3  12  2006  -1.00   488.00   16.20    3.50   84.00    4.60   6.3   3.0
 4  12  2006  -1.00   322.00   12.70    7.20   86.00    4.60   7.3   3.0
 5  12  2006  -1.00   175.00   16.10   11.40   81.00    4.60   5.7   3.0
 6  12  2006  -1.00   174.00   15.50    8.10   84.00    4.60   7.3   3.0
 7  12  2006  -1.00   451.00   10.80    5.50   74.00    4.60   5.7   3.0
 8  12  2006  -1.00   201.00   13.40    8.40   77.00    4.60   7.7   3.0
 9  12  2006  -1.00   170.00    8.50    5.40   88.00    7.30   8.0   3.0
10  12  2006  -1.00   251.00    7.70   -1.20   93.00    2.50   5.3   3.0
11  12  2006  -1.00   168.00    7.30   -0.50   82.00    7.30   7.3   3.0
12  12  2006  -1.00   168.00    7.30    4.70   85.00    4.60   7.7   3.0
13  12  2006  -1.00   305.00    8.40    3.10   83.00    2.50   6.0   3.0
14  12  2006  -1.00   575.00   11.00    2.50   84.00    4.60   5.7   3.0
15  12  2006  -1.00   585.00   10.10   -0.50   87.00    4.60   0.3   3.0
16  12  2006  -1.00   199.00   10.10   -0.80   86.00    1.00   5.0   3.0
17  12  2006  -1.00   285.00    8.60    2.60   92.00    2.50   7.0   3.0
18  12  2006  -1.00   221.00    5.40    3.60   90.00    2.50   7.7   3.0
19  12  2006  -1.00   164.00    5.30    3.30   66.00    2.50   7.7   3.0
20  12  2006  -1.00   415.00    6.70   -1.50   75.00    2.50   6.0   3.0
21  12  2006  -1.00   335.00    7.40    0.60   81.00    2.50   5.0   3.0
22  12  2006  -1.00   580.00    6.80    0.00   83.00    2.50   0.0   3.0
23  12  2006  -1.00   164.00    3.10    0.00   90.00    2.50   6.3   3.0
24  12  2006  -1.00   559.00    4.50   -1.60   91.00    2.50   0.3   3.0
25  12  2006  -1.00   165.00    1.00   -2.60   96.00    2.50   8.0   3.0
26  12  2006  -1.00   349.00    4.50   -2.60   83.00    4.60   4.3   3.0
27  12  2006  -1.00   166.00    0.80   -2.50   90.00    4.60   6.0   3.0
28  12  2006  -1.00   322.00    3.30   -2.70   85.00    4.60   7.7   3.0
29  12  2006  -1.00   520.00    7.00   -2.50   81.00    2.50   5.0   3.0
30  12  2006  -1.00   209.00   12.10   -3.70   82.00    2.50   6.3   3.0
31  12  2006  -1.00   320.00   12.80    8.80   71.00    4.60   5.7   3.0
       3  365
 1   1  2006  -1.00   170.00    6.40    2.70   88.00   10.40   7.2   3.0
 2   1  2006  -1.00   437.00    7.10    2.30   82.00    2.50   5.3   3.0
 3   1  2006  -1.00   276.00    5.90   -1.40   77.00    1.00   6.2   3.0
 4   1  2006  -1.00   201.00    2.30   -4.10   81.00    4.60   4.6   3.0
 5   1  2006  -1.00   159.00    2.70    0.70   73.00    2.50   7.8   3.0
 6   1  2006  -1.00   160.00    3.70    2.30   77.00    2.50   8.0   3.0
 7   1  2006  -1.00   162.00    3.50    2.60   78.00    2.50   8.0   3.0
 8   1  2006  -1.00   175.00    4.00   -3.40   75.00    2.50   5.6   3.0
 9   1  2006  -1.00   182.00   -1.50   -4.40   84.00    2.50   4.8   3.0
10   1  2006  -1.00   167.00   -1.70   -2.40   86.00    2.50   8.0   3.0
11   1  2006  -1.00   169.00   -0.70   -4.30   89.00    2.50   7.9   3.0
12   1  2006  -1.00   171.00    1.40   -1.00   91.00    2.50   7.0   3.0
13   1  2006  -1.00   173.00    1.30   -5.10   84.00    2.50   4.1   3.0
14   1  2006  -1.00   592.00    0.40   -7.60   82.00    2.50   1.6   3.0
15   1  2006  -1.00   178.00   -2.90   -8.90   80.00    2.50   5.5   3.0
16   1  2006  -1.00   569.00    0.10  -10.10   78.00    2.50   1.7   3.0
17   1  2006  -1.00   183.00    3.20   -4.20   90.00    2.50   7.7   3.0
18   1  2006  -1.00   198.00    5.40    0.90   86.00    4.60   5.9   3.0
19   1  2006  -1.00   188.00    2.00   -2.10   95.00    7.30   6.8   3.0
20   1  2006  -1.00   191.00    6.00    1.90   92.00    4.60   7.6   3.0
21   1  2006  -1.00   289.00    6.60    1.20   84.00    4.60   5.1   3.0
22   1  2006  -1.00   196.00    2.60   -5.50   77.00    2.50   4.8   3.0
23   1  2006  -1.00   728.00   -1.60   -7.70   60.00    2.50   0.4   3.0
24   1  2006  -1.00   658.00   -0.30   -8.90   62.00    4.60   2.1   3.0
25   1  2006  -1.00   419.00    0.10   -7.90   74.00    7.30   5.5   3.0
26   1  2006  -1.00   222.00   -1.30   -5.20   78.00    4.60   5.8   3.0
27   1  2006  -1.00   403.00   -3.80   -6.50   72.00    7.30   5.5   3.0
28   1  2006  -1.00   684.00    1.70   -8.10   62.00    7.30   2.2   3.0
29   1  2006  -1.00   804.00    4.20   -6.80   53.00    4.60   0.5   3.0
30   1  2006  -1.00   814.00    3.90   -5.30   67.00    1.00   1.1   3.0
31   1  2006  -1.00   425.00    1.80   -4.60   84.00    1.00   5.8   3.0
 1   2  2006  -1.00   460.00    1.90   -7.60   89.00    2.50   5.7   3.0
 2   2  2006  -1.00   233.00   -3.30   -5.60   92.00    2.50   8.0   3.0
 3   2  2006  -1.00   237.00   -2.30   -6.60   85.00    2.50   7.7   3.0
 4   2  2006  -1.00   241.00    0.90   -3.30   83.00    2.50   7.8   3.0
 5   2  2006  -1.00   290.00    1.10   -5.30   80.00    2.50   6.3   3.0
 6   2  2006  -1.00   249.00    2.10   -1.00   87.00    2.50   7.9   3.0
 7   2  2006  -1.00   253.00    5.30    1.00   83.00    2.50   7.9   3.0
 8   2  2006  -1.00   335.00    5.30    2.20   82.00    4.60   6.8   3.0
 9   2  2006  -1.00   379.00    3.80    0.50   80.00    4.60   6.8   3.0
10   2  2006  -1.00   265.00    4.10    0.50   77.00    4.60   7.0   3.0
11   2  2006  -1.00   358.00    3.90   -2.60   72.00    4.60   6.4   3.0
12   2  2006  -1.00   396.00    3.70   -3.30   69.00    2.50   6.2   3.0
13   2  2006  -1.00  1007.00    4.10   -4.70   64.00    2.50   4.0   3.0
14   2  2006  -1.00   283.00    3.70   -1.20   80.00    2.50   7.8   3.0
15   2  2006  -1.00   288.00    7.10    3.20   87.00    1.00   7.6   3.0
16   2  2006  -1.00   410.00   10.20    5.50   87.00    2.50   7.1   3.0
17   2  2006  -1.00   476.00    8.90    0.00   79.00    4.60   6.5   3.0
18   2  2006  -1.00   345.00    9.10    3.80   81.00    7.30   6.9   3.0
19   2  2006  -1.00   576.00   11.00    3.30   75.00    7.30   6.9   3.0
20   2  2006  -1.00   346.00    7.30    2.80   80.00    4.60   7.3   3.0
21   2  2006  -1.00   378.00    6.20    2.00   84.00    2.50   6.5   3.0
22   2  2006  -1.00   321.00    3.30    1.20   72.00    7.30   6.9   3.0
23   2  2006  -1.00   326.00    2.30   -0.30   64.00    4.60   7.4   3.0
24   2  2006  -1.00   886.00    7.60    0.00   62.00    2.50   6.3   3.0
25   2  2006  -1.00   978.00    4.00   -3.30   65.00    4.60   2.8   3.0
26   2  2006  -1.00   350.00    0.80   -3.70   71.00    4.60   5.1   3.0
27   2  2006  -1.00   617.00    3.00   -6.80   73.00    2.50   5.4   3.0
28   2  2006  -1.00   351.00    1.30   -1.00   89.00    2.50   7.7   3.0
 1   3  2006  -1.00   603.00    3.70   -2.60   70.00    4.60   4.8   3.0
 2   3  2006  -1.00   495.00    2.40   -3.70   82.00    4.60   5.2   3.0
 3   3  2006  -1.00   367.00   -0.20   -3.60   90.00    4.60   7.2   3.0
 4   3  2006  -1.00   372.00    0.10   -6.50   86.00    2.50   7.1   3.0
 5   3  2006  -1.00   858.00    2.40   -4.40   85.00    7.30   5.2   3.0
 6   3  2006  -1.00   798.00    3.40   -1.10   76.00    4.60   6.4   3.0
 7   3  2006  -1.00   936.00    4.30   -1.80   67.00    4.60   5.0   3.0
 8   3  2006  -1.00   393.00    1.50   -4.40   86.00    2.50   7.2   3.0
 9   3  2006  -1.00   419.00    9.20    1.10   89.00    2.50   7.4   3.0
10   3  2006  -1.00   710.00    9.40    3.00   75.00   10.40   6.2   3.0
11   3  2006  -1.00   492.00    7.70   -2.70   79.00    4.60   6.5   3.0
12   3  2006  -1.00  1439.00    1.10   -4.80   57.00    2.50   1.6   3.0
13   3  2006  -1.00  1514.00    2.90   -5.90   62.00    4.60   0.5   3.0
14   3  2006  -1.00  1559.00    4.50   -6.40   59.00    2.50   2.5   3.0
15   3  2006  -1.00   505.00    4.00   -3.20   69.00    2.50   7.0   3.0
16   3  2006  -1.00   501.00    3.90   -0.20   63.00    1.00   7.2   3.0
17   3  2006  -1.00   817.00    5.50   -1.10   69.00    2.50   5.5   3.0
18   3  2006  -1.00   954.00    9.10   -1.40   69.00    2.50   2.6   3.0
19   3  2006  -1.00  1408.00   10.90   -2.60   71.00    4.60   1.1   3.0
20   3  2006  -1.00  1670.00   14.80   -3.00   60.00    4.60   0.4   3.0
21   3  2006  -1.00   464.00    4.10    1.80   79.00    2.50   7.7   3.0
22   3  2006  -1.00  1475.00    8.70    0.80   55.00    2.50   5.3   3.0
23   3  2006  -1.00  1653.00    9.70   -0.70   48.00    2.50   2.0   3.0
24   3  2006  -1.00   570.00    7.90    0.30   74.00    2.50   6.2   3.0
25   3  2006  -1.00   779.00   16.70    6.60   78.00    2.50   7.3   3.0
26   3  2006  -1.00   492.00   16.80   10.90   83.00    2.50   7.2   3.0
27   3  2006  -1.00   611.00   16.40    9.60   82.00    4.60   6.1   3.0
28   3  2006  -1.00   857.00   15.30    7.20   72.00    7.30   6.6   3.0
29   3  2006  -1.00   750.00   12.40    5.10   75.00    4.60   5.7   3.0
30   3  2006  -1.00   514.00   13.80    5.10   85.00    4.60   7.4   3.0
31   3  2006  -1.00   903.00   16.10    9.60   75.00    2.50   6.1   3.0
 1   4  2006  -1.00   758.00   16.30    6.40   78.00    4.60   6.0   3.0
 2   4  2006  -1.00   694.00   14.60    6.20   85.00    2.50   5.3   3.0
 3   4  2006  -1.00   948.00   12.70    5.40   78.00    2.50   5.4   3.0
 4   4  2006  -1.00  1098.00   11.50    4.50   62.00    2.50   6.3   3.0
 5   4  2006  -1.00   808.00    8.80   -0.40   59.00    1.00   6.0   3.0
 6   4  2006  -1.00  1914.00   11.50   -2.70   58.00    2.50   2.6   3.0
 7   4  2006  -1.00  1830.00   14.00   -0.20   51.00    2.50   2.2   3.0
 8   4  2006  -1.00  1937.00   16.70    1.00   46.00    2.50   2.8   3.0
 9   4  2006  -1.00  1331.00   13.00    4.20   49.00    2.50   6.5   3.0
10   4  2006  -1.00   597.00    9.90    4.00   50.00    2.50   7.4   3.0
11   4  2006  -1.00  1665.00   10.80    1.70   51.00    2.50   3.6   3.0
12   4  2006  -1.00   829.00   10.90    3.30   80.00    2.50   6.3   3.0
13   4  2006  -1.00   589.00   10.90    2.70   84.00    1.00   7.1   3.0
14   4  2006  -1.00   705.00   14.70    8.30   73.00    2.50   7.1   3.0
15   4  2006  -1.00   884.00   16.50    7.00   80.00    4.60   7.3   3.0
16   4  2006  -1.00   604.00   13.70   10.70   79.00    2.50   7.4   3.0
17   4  2006  -1.00  1034.00   17.20    7.40   75.00    2.50   6.5   3.0
18   4  2006  -1.00  1379.00   16.70    4.20   68.00    2.50   4.5   3.0
19   4  2006  -1.00  1777.00   17.00    5.70   60.00    2.50   5.3   3.0
20   4  2006  -1.00  1710.00   18.70    3.40   58.00    2.50   2.9   3.0
21   4  2006  -1.00  1934.00   22.90    6.60   54.00    2.50   5.6   3.0
22   4  2006  -1.00  1460.00   19.00    8.00   59.00    2.50   3.9   3.0
23   4  2006  -1.00  1850.00   17.50    2.20   64.00    2.50   3.4   3.0
24   4  2006  -1.00  2063.00   21.30    5.90   56.00    2.50   3.7   3.0
25   4  2006  -1.00  1148.00   21.10   10.30   66.00    2.50   4.8   3.0
26   4  2006  -1.00   652.00   16.40   12.20   80.00    2.50   7.2   3.0
27   4  2006  -1.00   656.00   16.50   12.60   74.00    2.50   7.7   3.0
28   4  2006  -1.00  1438.00   16.30    8.30   57.00    2.50   5.9   3.0
29   4  2006  -1.00  1314.00   10.20    4.10   61.00    7.30   5.4   3.0
30   4  2006  -1.00  1151.00   12.10    3.10   66.00    7.30   6.5   3.0
 1   5  2006  -1.00  1327.00   14.80    4.30   76.00    2.50   7.2   3.0
 2   5  2006  -1.00  2301.00   20.60    8.50   65.00    2.50   4.7   3.0
 3   5  2006  -1.00  2244.00   25.90    8.90   54.00    2.50   4.0   3.0
 4   5  2006  -1.00  2055.00   25.50   11.10   46.00    4.60   6.3   3.0
 5   5  2006  -1.00  2036.00   23.40   11.20   48.00    4.60   6.5   3.0
 6   5  2006  -1.00  2188.00   23.80   10.70   38.00    2.50   2.6   3.0
 7   5  2006  -1.00  2394.00   23.90    7.80   45.00    2.50   2.2   3.0
 8   5  2006  -1.00  2110.00   23.90    9.80   40.00    2.50   4.7   3.0
 9   5  2006  -1.00  1824.00   22.90   10.30   53.00    4.60   4.0   3.0
10   5  2006  -1.00  1817.00   23.10    7.90   62.00    4.60   2.9   3.0
11   5  2006  -1.00  2585.00   25.10    7.20   47.00    2.50   0.1   3.0
12   5  2006  -1.00  2445.00   25.90    8.50   49.00    2.50   2.5   3.0
13   5  2006  -1.00   989.00   19.60   12.20   79.00    4.60   7.0   3.0
14   5  2006  -1.00  1423.00   21.00   10.10   71.00    7.30   5.3   3.0
15   5  2006  -1.00  1333.00   23.30    8.60   66.00    2.50   6.4   3.0
16   5  2006  -1.00  1499.00   24.50   13.70   65.00    4.60   7.0   3.0
17   5  2006  -1.00  1626.00   21.30   11.70   72.00    2.50   6.2   3.0
18   5  2006  -1.00   967.00   20.90   13.60   78.00    2.50   6.4   3.0
19   5  2006  -1.00  1201.00   17.90   11.90   68.00    4.60   6.2   3.0
20   5  2006  -1.00  1028.00   15.00    8.70   77.00    4.60   6.0   3.0
21   5  2006  -1.00   868.00   17.50   10.90   70.00    1.00   6.8   3.0
22   5  2006  -1.00   857.00   17.10   10.90   84.00    2.50   6.7   3.0
23   5  2006  -1.00  1433.00   17.70    5.90   65.00    2.50   4.5   3.0
24   5  2006  -1.00  1969.00   17.80    4.10   62.00    4.60   3.8   3.0
25   5  2006  -1.00   756.00   12.90    9.40   83.00    2.50   7.8   3.0
26   5  2006  -1.00   758.00   17.10   11.40   87.00    4.60   7.6   3.0
27   5  2006  -1.00   761.00   19.70   14.30   77.00    4.60   7.2   3.0
28   5  2006  -1.00  1354.00   20.20   11.00   65.00    4.60   6.8   3.0
29   5  2006  -1.00   848.00   14.60    8.10   75.00    2.50   7.5   3.0
30   5  2006  -1.00  1359.00   14.30    6.50   69.00    2.50   6.4   3.0
31   5  2006  -1.00   962.00   12.30    6.80   69.00    2.50   6.6   3.0
 1   6  2006  -1.00  1199.00   12.90    7.90   73.00    7.30   6.9   3.0
 2   6  2006  -1.00  1767.00   17.20    8.30   64.00    4.60   4.8   3.0
 3   6  2006  -1.00  1438.00   17.20    4.80   73.00    2.50   5.4   3.0
 4   6  2006  -1.00  1565.00   17.00   10.00   65.00    2.50   6.1   3.0
 5   6  2006  -1.00  1276.00   16.40    7.10   63.00    2.50   6.6   3.0
 6   6  2006  -1.00  2039.00   19.00    5.70   62.00    2.50   4.0   3.0
 7   6  2006  -1.00  2139.00   21.20    5.60   63.00    2.50   2.7   3.0
 8   6  2006  -1.00  2390.00   22.90    7.20   59.00    2.50   2.3   3.0
 9   6  2006  -1.00  2711.00   24.80    9.10   57.00    2.50   5.4   3.0
10   6  2006  -1.00  2852.00   26.80   10.70   55.00    2.50   4.6   3.0
11   6  2006  -1.00  2910.00   25.70   13.70   49.00    2.50   0.4   3.0
12   6  2006  -1.00  2940.00   28.40   11.30   52.00    2.50   0.1   3.0
13   6  2006  -1.00  2914.00   31.50   13.30   51.00    2.50   0.6   3.0
14   6  2006  -1.00  2498.00   32.00   15.00   54.00    4.60   3.1   3.0
15   6  2006  -1.00  1679.00   29.50   18.60   65.00    2.50   5.4   3.0
16   6  2006  -1.00  1749.00   23.40   12.90   65.00    2.50   3.6   3.0
17   6  2006  -1.00  2710.00   25.30   10.40   58.00    2.50   0.9   3.0
18   6  2006  -1.00  2794.00   30.70   12.20   58.00    4.60   3.0   3.0
19   6  2006  -1.00  2210.00   29.10   17.60   71.00    4.60   4.6   3.0
20   6  2006  -1.00  1723.00   25.40   16.50   77.00    7.30   4.8   3.0
21   6  2006  -1.00  1848.00   27.10   19.70   62.00    2.50   5.5   3.0
22   6  2006  -1.00  1639.00   22.80   11.50   57.00    4.60   4.5   3.0
23   6  2006  -1.00  1918.00   22.90    9.80   57.00    2.50   4.4   3.0
24   6  2006  -1.00  2293.00   28.80   11.20   59.00    2.50   3.7   3.0
25   6  2006  -1.00  2028.00   32.30   16.70   67.00    2.50   5.2   3.0
26   6  2006  -1.00  1916.00   26.60   17.50   71.00    2.50   4.9   3.0
27   6  2006  -1.00  1818.00   26.70   15.40   68.00    2.50   3.7   3.0
28   6  2006  -1.00  1442.00   24.20   15.80   69.00    2.50   4.3   3.0
29   6  2006  -1.00  1844.00   26.10   14.90   68.00    2.50   4.7   3.0
30   6  2006  -1.00  2621.00   27.60   14.90   59.00    2.50   1.0   3.0
 1   7  2006  -1.00  2702.00   28.30   15.10   55.00    2.50   0.8   3.0
 2   7  2006  -1.00  2922.00   29.00   15.00   47.00    2.50   0.5   3.0
 3   7  2006  -1.00  2920.00   29.90   15.40   48.00    2.50   0.3   3.0
 4   7  2006  -1.00  2294.00   32.00   18.20   54.00    2.50   1.6   3.0
 5   7  2006  -1.00  2721.00   34.00   19.20   56.00    2.50   3.5   3.0
 6   7  2006  -1.00  1680.00   29.70   17.80   70.00    4.60   5.8   3.0
 7   7  2006  -1.00   792.00   24.20   18.30   83.00    2.50   7.3   3.0
 8   7  2006  -1.00  1662.00   26.30   16.40   79.00    4.60   5.2   3.0
 9   7  2006  -1.00  1673.00   28.80   14.80   68.00    2.50   5.2   3.0
10   7  2006  -1.00  2748.00   29.90   19.60   52.00    2.50   1.8   3.0
11   7  2006  -1.00  2523.00   32.60   17.10   62.00    2.50   2.6   3.0
12   7  2006  -1.00  1872.00   29.50   19.50   73.00    7.30   4.5   3.0
13   7  2006  -1.00  2076.00   32.00   20.20   66.00    4.60   3.3   3.0
14   7  2006  -1.00  2581.00   25.10   16.50   55.00    2.50   2.2   3.0
15   7  2006  -1.00  2838.00   27.40   13.30   47.00    4.60   1.4   3.0
16   7  2006  -1.00  2833.00   28.40   14.90   45.00    2.50   0.6   3.0
17   7  2006  -1.00  2828.00   29.90   14.40   45.00    2.50   0.2   3.0
18   7  2006  -1.00  2810.00   33.00   15.20   46.00    2.50   2.2   3.0
19   7  2006  -1.00  2777.00   35.30   16.50   42.00    2.50   0.6   3.0
20   7  2006  -1.00  2567.00   35.80   18.30   47.00    2.50   3.5   3.0
21   7  2006  -1.00  2521.00   34.40   19.90   50.00    2.50   1.0   3.0
22   7  2006  -1.00  1835.00   34.70   18.10   63.00    2.50   4.5   3.0
23   7  2006  -1.00  1532.00   30.40   17.40   78.00    2.50   4.6   3.0
24   7  2006  -1.00  2545.00   32.30   18.40   63.00    2.50   0.8   3.0
25   7  2006  -1.00  2282.00   34.30   21.20   51.00    2.50   3.7   3.0
26   7  2006  -1.00  1789.00   35.40   21.50   56.00    2.50   4.7   3.0
27   7  2006  -1.00  1960.00   34.30   20.20   61.00    2.50   3.9   3.0
28   7  2006  -1.00  1078.00   29.30   19.00   69.00    2.50   6.8   3.0
29   7  2006  -1.00  2043.00   30.50   16.80   65.00    2.50   3.3   3.0
30   7  2006  -1.00  1983.00   32.10   18.30   68.00    4.60   5.5   3.0
31   7  2006  -1.00  1240.00   24.80   15.80   74.00    2.50   5.7   3.0
 1   8  2006  -1.00   888.00   22.30   14.80   78.00    2.50   6.3   3.0
 2   8  2006  -1.00   857.00   21.90   11.90   74.00    4.60   5.6   3.0
 3   8  2006  -1.00  1479.00   22.30   11.00   73.00    4.60   4.6   3.0
 4   8  2006  -1.00  1501.00   24.70   13.40   69.00    4.60   5.7   3.0
 5   8  2006  -1.00  1508.00   26.10   14.70   73.00    2.50   6.0   3.0
 6   8  2006  -1.00   828.00   23.70   15.60   72.00    4.60   6.8   3.0
 7   8  2006  -1.00  2051.00   26.60   17.80   57.00    4.60   3.9   3.0
 8   8  2006  -1.00  1122.00   23.40   17.00   64.00    4.60   6.8   3.0
 9   8  2006  -1.00  1603.00   23.10   15.10   60.00    4.60   6.3   3.0
10   8  2006  -1.00  1216.00   21.40   13.20   66.00    4.60   6.5   3.0
11   8  2006  -1.00   806.00   17.60   12.20   85.00    7.30   7.3   3.0
12   8  2006  -1.00  1244.00   19.00    9.30   81.00    2.50   5.7   3.0
13   8  2006  -1.00   991.00   19.50    8.40   85.00    4.60   5.6   3.0
14   8  2006  -1.00   999.00   20.80    9.90   85.00    7.30   6.1   3.0
15   8  2006  -1.00   890.00   21.20   13.10   79.00   10.40   6.7   3.0
16   8  2006  -1.00   679.00   19.60   13.10   84.00    2.50   6.5   3.0
17   8  2006  -1.00  1445.00   25.40   13.90   75.00    2.50   6.5   3.0
18   8  2006  -1.00  1207.00   23.20   13.40   80.00    4.60   5.1   3.0
19   8  2006  -1.00  1814.00   26.40   11.60   75.00    2.50   3.5   3.0
20   8  2006  -1.00  1131.00   22.10   15.30   75.00    2.50   5.6   3.0
21   8  2006  -1.00   883.00   21.10   13.60   73.00    4.60   5.5   3.0
22   8  2006  -1.00   751.00   20.10   14.00   76.00    2.50   6.7   3.0
23   8  2006  -1.00  1981.00   23.50   12.00   71.00    2.50   4.7   3.0
24   8  2006  -1.00  1569.00   22.90   13.20   73.00    2.50   5.2   3.0
25   8  2006  -1.00   810.00   20.00   13.10   84.00    2.50   6.8   3.0
26   8  2006  -1.00  1041.00   21.00   13.30   84.00    2.50   6.5   3.0
27   8  2006  -1.00   824.00   19.20   12.40   91.00    2.50   5.9   3.0
28   8  2006  -1.00   632.00   16.60   10.20   91.00    2.50   6.8   3.0
29   8  2006  -1.00  1280.00   18.20    9.40   82.00    2.50   5.3   3.0
30   8  2006  -1.00   695.00   17.70    9.80   83.00    2.50   6.4   3.0
31   8  2006  -1.00  1484.00   21.00    9.50   72.00    2.50   4.7   3.0
 1   9  2006  -1.00  1816.00   24.00   14.00   68.00    2.50   5.8   3.0
 2   9  2006  -1.00  1212.00   24.90   14.00   72.00    2.50   6.7   3.0
 3   9  2006  -1.00   588.00   23.20   18.50   78.00    2.50   6.8   3.0
 4   9  2006  -1.00  1857.00   25.10   16.30   64.00    4.60   2.1   3.0
 5   9  2006  -1.00  1415.00   24.80   13.60   70.00    4.60   2.7   3.0
 6   9  2006  -1.00  1834.00   27.70   14.10   74.00    4.60   1.6   3.0
 7   9  2006  -1.00  1420.00   27.50   14.00   76.00    2.50   3.4   3.0
 8   9  2006  -1.00  1694.00   21.20   10.20   63.00    2.50   2.0   3.0
 9   9  2006  -1.00  1953.00   22.70    8.30   63.00    2.50   0.6   3.0
10   9  2006  -1.00  1473.00   23.60    9.30   68.00    2.50   3.3   3.0
11   9  2006  -1.00  1823.00   27.80   12.80   70.00    2.50   0.8   3.0
12   9  2006  -1.00  1811.00   28.30   15.20   68.00    2.50   0.2   3.0
13   9  2006  -1.00  1787.00   28.40   14.40   68.00    2.50   0.5   3.0
14   9  2006  -1.00  1420.00   27.20   14.20   65.00    2.50   4.8   3.0
15   9  2006  -1.00   977.00   25.40   17.00   61.00    2.50   6.8   3.0
16   9  2006  -1.00  1275.00   24.40   14.50   74.00    2.50   6.8   3.0
17   9  2006  -1.00   488.00   22.50   16.10   83.00    7.30   7.3   3.0
18   9  2006  -1.00   482.00   18.90   15.90   81.00    2.50   7.5   3.0
19   9  2006  -1.00   978.00   22.10   11.50   78.00    4.60   5.2   3.0
20   9  2006  -1.00  1301.00   21.40    9.90   77.00    7.30   3.7   3.0
21   9  2006  -1.00  1731.00   26.30   11.10   71.00    4.60   0.8   3.0
22   9  2006  -1.00  1499.00   26.40   12.10   71.00    2.50   2.1   3.0
23   9  2006  -1.00  1432.00   26.00   13.10   68.00    4.60   3.9   3.0
24   9  2006  -1.00  1583.00   26.10   12.70   64.00    4.60   2.5   3.0
25   9  2006  -1.00   776.00   23.70   12.80   80.00    4.60   6.6   3.0
26   9  2006  -1.00   502.00   20.20   14.70   82.00    2.50   7.1   3.0
27   9  2006  -1.00   877.00   21.40   12.00   74.00    2.50   5.7   3.0
28   9  2006  -1.00   785.00   21.70    9.80   83.00    4.60   6.3   3.0
29   9  2006  -1.00   892.00   20.40   12.50   86.00    2.50   6.3   3.0
30   9  2006  -1.00   758.00   22.50   11.80   84.00    4.60   5.8   3.0
 1  10  2006  -1.00   668.00   20.90   13.90   89.00    4.60   6.5   3.0
 2  10  2006  -1.00   405.00   16.90   12.70   87.00    4.60   7.1   3.0
 3  10  2006  -1.00   400.00   13.90   11.80   97.00    7.30   8.0   3.0
 4  10  2006  -1.00   606.00   16.50   10.60   83.00    4.60   7.0   3.0
 5  10  2006  -1.00   799.00   16.60    9.00   82.00    4.60   5.3   3.0
 6  10  2006  -1.00   434.00   17.00   11.10   85.00    7.30   7.4   3.0
 7  10  2006  -1.00   693.00   16.10    6.80   81.00    4.60   4.9   3.0
 8  10  2006  -1.00  1340.00   17.60    4.70   80.00    4.60   3.6   3.0
 9  10  2006  -1.00  1288.00   18.30    6.60   84.00    4.60   5.3   3.0
10  10  2006  -1.00  1054.00   21.10    9.80   84.00    2.50   5.0   3.0
11  10  2006  -1.00  1120.00   20.80    9.70   82.00    2.50   3.9   3.0
12  10  2006  -1.00   721.00   19.90    9.80   87.00    4.60   6.2   3.0
13  10  2006  -1.00   544.00   20.40   14.60   89.00    4.60   6.5   3.0
14  10  2006  -1.00   491.00   17.20   10.40   78.00    2.50   4.5   3.0
15  10  2006  -1.00  1138.00   17.50    6.80   78.00    2.50   0.5   3.0
16  10  2006  -1.00  1116.00   13.40    5.10   82.00    4.60   0.5   3.0
17  10  2006  -1.00  1195.00   15.50    3.80   80.00    4.60   0.5   3.0
18  10  2006  -1.00   842.00   17.00    4.20   85.00    4.60   4.8   3.0
19  10  2006  -1.00   335.00   16.30    8.30   87.00    4.60   6.9   3.0
20  10  2006  -1.00   778.00   19.30   10.90   81.00    2.50   5.3   3.0
21  10  2006  -1.00   665.00   18.40   12.70   83.00    2.50   6.0   3.0
22  10  2006  -1.00   794.00   19.30   12.50   78.00    4.60   6.1   3.0
23  10  2006  -1.00   298.00   16.80   14.10   90.00    4.60   7.9   3.0
24  10  2006  -1.00   429.00   17.60   12.70   79.00    7.30   6.5   3.0
25  10  2006  -1.00   540.00   16.70    9.30   80.00    4.60   5.6   3.0
26  10  2006  -1.00   997.00   21.80    9.00   78.00    1.00   2.3   3.0
27  10  2006  -1.00   633.00   21.40   12.40   78.00    4.60   5.3   3.0
28  10  2006  -1.00   275.00   16.50   12.00   87.00    4.60   7.5   3.0
29  10  2006  -1.00   536.00   19.70   11.50   70.00    2.50   6.2   3.0
30  10  2006  -1.00   696.00   15.20    5.40   80.00    2.50   2.8   3.0
31  10  2006  -1.00   341.00   13.30    3.80   86.00    2.50   5.2   3.0
 1  11  2006  -1.00   492.00   10.80    3.50   69.00    4.60   4.7   3.0
 2  11  2006  -1.00   300.00    7.10   -1.30   76.00    7.30   4.3   3.0
 3  11  2006  -1.00   540.00    8.90    1.90   77.00    4.60   5.8   3.0
 4  11  2006  -1.00   314.00    9.90    3.10   89.00    2.50   6.3   3.0
 5  11  2006  -1.00   242.00    9.80    5.90   81.00    4.60   7.7   3.0
 6  11  2006  -1.00   238.00   10.90    5.10   81.00    7.30   7.0   3.0
 7  11  2006  -1.00   388.00    8.40    3.30   93.00    7.30   7.2   3.0
 8  11  2006  -1.00   433.00   13.90    2.40   88.00    4.60   7.1   3.0
 9  11  2006  -1.00   534.00   13.60    2.90   71.00    4.60   4.2   3.0
10  11  2006  -1.00   739.00   10.70    0.80   78.00    4.60   4.9   3.0
11  11  2006  -1.00   220.00   10.20    0.10   87.00    2.50   7.5   3.0
12  11  2006  -1.00   348.00    9.60    5.50   80.00    2.50   5.5   3.0
13  11  2006  -1.00   213.00   11.60    5.20   86.00    4.60   7.4   3.0
14  11  2006  -1.00   216.00   14.80   10.50   90.00    7.30   6.8   3.0
15  11  2006  -1.00   548.00   16.90    7.70   84.00    4.60   4.3   3.0
16  11  2006  -1.00   673.00   18.50    5.40   82.00    4.60   3.7   3.0
17  11  2006  -1.00   207.00   14.90   11.00   77.00    2.50   7.1   3.0
18  11  2006  -1.00   268.00   13.40    5.70   88.00    1.00   6.4   3.0
19  11  2006  -1.00   194.00   10.50    5.60   92.00    2.50   6.9   3.0
20  11  2006  -1.00   299.00    9.10    3.10   77.00    1.00   6.4   3.0
21  11  2006  -1.00   201.00   11.20    5.80   90.00    4.60   7.0   3.0
22  11  2006  -1.00   347.00    7.80    3.90   85.00    7.30   5.8   3.0
23  11  2006  -1.00   183.00   13.40    5.00   84.00    7.30   7.8   3.0
24  11  2006  -1.00   181.00   13.10    9.20   88.00    4.60   6.3   3.0
25  11  2006  -1.00   178.00   15.20    9.70   85.00    2.50   7.5   3.0
26  11  2006  -1.00   331.00   14.20    6.10   86.00    2.50   6.1   3.0
27  11  2006  -1.00   452.00   12.80    4.80   93.00    1.00   4.1   3.0
28  11  2006  -1.00   172.00    7.60    5.70   92.00    2.50   7.6   3.0
29  11  2006  -1.00   170.00    8.10    5.60   96.00    1.00   7.6   3.0
30  11  2006  -1.00   168.00    7.70    6.20   88.00    2.50   7.3   3.0
 1  12  2006  -1.00   343.00    9.10    0.00   91.00    2.50   4.8   3.0
 2  12  2006  -1.00   170.00    5.80   -0.50   95.00    2.50   6.9   3.0
 3  12  2006  -1.00   398.00   14.10    2.70   81.00    4.60   6.3   3.0
 4  12  2006  -1.00   161.00   11.00    7.80   82.00    4.60   6.3   3.0
 5  12  2006  -1.00   226.00   15.30   10.60   82.00    2.50   6.7   3.0
 6  12  2006  -1.00   158.00   14.00    7.40   77.00    4.60   7.0   3.0
 7  12  2006  -1.00   331.00    9.30    5.40   79.00    2.50   6.3   3.0
 8  12  2006  -1.00   166.00   13.30    8.20   76.00    2.50   7.1   3.0
 9  12  2006  -1.00   154.00    8.50    2.60   81.00    2.50   6.3   3.0
10  12  2006  -1.00   244.00    7.60    0.00   89.00    4.60   5.0   3.0
11  12  2006  -1.00   152.00    5.00   -1.30   90.00    4.60   7.2   3.0
12  12  2006  -1.00   300.00    8.90    2.40   88.00    4.60   4.9   3.0
13  12  2006  -1.00   161.00    7.90    3.40   86.00    2.50   6.6   3.0
14  12  2006  -1.00   176.00    7.50    1.80   89.00    4.60   5.6   3.0
15  12  2006  -1.00   381.00    5.60   -2.00   94.00    2.50   2.4   3.0
16  12  2006  -1.00   185.00    9.30   -2.80   88.00    1.00   5.6   3.0
17  12  2006  -1.00   352.00    6.00    0.40   87.00    2.50   4.6   3.0
18  12  2006  -1.00   148.00    4.90   -0.20   90.00    2.50   6.2   3.0
19  12  2006  -1.00   147.00    5.70    2.90   68.00    2.50   7.0   3.0
20  12  2006  -1.00   153.00    5.90    2.00   72.00    2.50   7.1   3.0
21  12  2006  -1.00   152.00    7.20    3.10   81.00    2.50   6.8   3.0
22  12  2006  -1.00   419.00    7.50    0.30   79.00    2.50   3.4   3.0
23  12  2006  -1.00   147.00    4.40   -1.20   86.00    2.50   4.8   3.0
24  12  2006  -1.00   441.00    3.30   -2.50   94.00    2.50   2.3   3.0
25  12  2006  -1.00   148.00    2.20   -0.80   88.00    2.50   7.6   3.0
26  12  2006  -1.00   422.00    5.30   -2.50   80.00    2.50   3.6   3.0
27  12  2006  -1.00   149.00   -0.40   -4.60   89.00    4.60   6.0   3.0
28  12  2006  -1.00   150.00    1.50   -0.70   87.00    2.50   8.0   3.0
29  12  2006  -1.00   373.00    6.20   -2.00   87.00    2.50   7.1   3.0
30  12  2006  -1.00   151.00   10.70   -3.40   87.00    2.50   6.9   3.0
31  12  2006  -1.00   227.00   11.30    8.30   73.00    2.50   6.0   3.0
       4  365
 1   1  2006  -1.00   233.00    7.70    0.50   83.00   10.40   5.3   3.0
 2   1  2006  -1.00   134.00    3.60    1.30   94.00   10.40   7.4   3.0
 3   1  2006  -1.00   242.00    4.30   -3.30   92.00    7.30   5.1   3.0
 4   1  2006  -1.00   195.00    3.20   -1.10   86.00    4.60   5.6   3.0
 5   1  2006  -1.00   138.00    2.30   -0.80   81.00    2.50   6.6   3.0
 6   1  2006  -1.00   140.00    2.90    0.80   84.00    2.50   7.5   3.0
 7   1  2006  -1.00   141.00    5.00    2.10   77.00    2.50   7.7   3.0
 8   1  2006  -1.00   229.00    6.00   -1.30   71.00    2.50   5.2   3.0
 9   1  2006  -1.00   524.00    4.80   -4.20   76.00    2.50   0.8   3.0
10   1  2006  -1.00   348.00    2.80   -2.20   80.00    2.50   5.3   3.0
11   1  2006  -1.00   196.00    4.40    0.00   82.00    1.00   6.2   3.0
12   1  2006  -1.00   209.00    5.40    1.40   90.00    2.50   6.6   3.0
13   1  2006  -1.00   271.00    3.50   -1.00   81.00    1.00   3.7   3.0
14   1  2006  -1.00   566.00    6.50   -1.00   69.00    2.50   0.6   3.0
15   1  2006  -1.00   524.00   -0.30   -4.40   77.00    4.60   0.5   3.0
16   1  2006  -1.00   547.00    4.70   -3.70   69.00    4.60   3.1   3.0
17   1  2006  -1.00   163.00    5.30    1.80   91.00    4.60   7.8   3.0
18   1  2006  -1.00   296.00    6.90   -1.70   90.00    7.30   5.0   3.0
19   1  2006  -1.00   168.00    6.20   -1.00   91.00    7.30   7.7   3.0
20   1  2006  -1.00   171.00   10.00    2.20   90.00    7.30   6.3   3.0
21   1  2006  -1.00   215.00    7.60    2.60   85.00    7.30   6.8   3.0
22   1  2006  -1.00   177.00    2.60   -4.50   85.00    4.60   7.0   3.0
23   1  2006  -1.00   680.00    0.80   -7.50   64.00    4.60   1.1   3.0
24   1  2006  -1.00   640.00    2.70   -5.00   49.00   10.40   3.3   3.0
25   1  2006  -1.00   230.00    2.60   -6.20   81.00   10.40   6.5   3.0
26   1  2006  -1.00   415.00    0.30   -7.10   74.00    7.30   4.5   3.0
27   1  2006  -1.00   541.00   -2.80   -9.00   75.00   10.40   2.8   3.0
28   1  2006  -1.00   723.00    1.80   -9.60   70.00    7.30   0.7   3.0
29   1  2006  -1.00   752.00    3.40   -7.50   61.00    7.30   0.6   3.0
30   1  2006  -1.00   697.00    2.70   -5.40   76.00    7.30   4.0   3.0
31   1  2006  -1.00   620.00    3.70   -4.40   85.00    7.30   4.7   3.0
 1   2  2006  -1.00   704.00    6.70   -4.90   89.00    4.60   5.7   3.0
 2   2  2006  -1.00   215.00   -3.60   -5.10   95.00    2.50   7.9   3.0
 3   2  2006  -1.00   219.00   -1.10   -5.10   92.00    7.30   7.8   3.0
 4   2  2006  -1.00   223.00    2.00   -1.30   97.00    4.60   8.0   3.0
 5   2  2006  -1.00   227.00    2.10   -0.60   96.00    4.60   7.7   3.0
 6   2  2006  -1.00   231.00    4.60    0.60   97.00    7.30   8.0   3.0
 7   2  2006  -1.00   235.00    6.80    2.70   90.00    7.30   8.0   3.0
 8   2  2006  -1.00   291.00    6.70    2.70   87.00    7.30   7.3   3.0
 9   2  2006  -1.00   304.00    4.70    1.00   83.00    7.30   6.6   3.0
10   2  2006  -1.00   248.00    3.40    1.30   84.00    4.60   7.8   3.0
11   2  2006  -1.00   253.00    3.20    0.00   87.00    7.30   7.5   3.0
12   2  2006  -1.00   334.00    4.50   -1.00   80.00    2.50   6.6   3.0
13   2  2006  -1.00   698.00    5.90    0.10   72.00    4.60   5.5   3.0
14   2  2006  -1.00   274.00    7.20    3.10   78.00    4.60   7.4   3.0
15   2  2006  -1.00   311.00    9.90    4.00   86.00    7.30   6.3   3.0
16   2  2006  -1.00   413.00   10.30    5.10   87.00    7.30   7.5   3.0
17   2  2006  -1.00   281.00    7.80    4.00   82.00    4.60   7.1   3.0
18   2  2006  -1.00   286.00    6.70    3.10   86.00    7.30   6.5   3.0
19   2  2006  -1.00   748.00   10.20    2.80   80.00    4.60   6.6   3.0
20   2  2006  -1.00   295.00    5.50    1.80   90.00    7.30   8.0   3.0
21   2  2006  -1.00   300.00    3.40    1.60   87.00    2.50   7.8   3.0
22   2  2006  -1.00   306.00    3.20    0.40   77.00    4.60   7.8   3.0
23   2  2006  -1.00   337.00    2.60   -1.30   66.00    4.60   7.4   3.0
24   2  2006  -1.00   947.00    5.40   -1.80   64.00    4.60   4.1   3.0
25   2  2006  -1.00  1117.00    4.00   -2.50   67.00    4.60   2.6   3.0
26   2  2006  -1.00   469.00    2.80   -4.70   74.00    4.60   6.2   3.0
27   2  2006  -1.00   340.00    2.80   -6.20   89.00    2.50   6.8   3.0
28   2  2006  -1.00   337.00    3.10   -0.30   95.00    2.50   7.7   3.0
 1   3  2006  -1.00   425.00    1.10   -1.20   86.00    2.50   6.1   3.0
 2   3  2006  -1.00   922.00    3.10   -3.20   79.00    7.30   3.7   3.0
 3   3  2006  -1.00   418.00    2.10   -3.50   84.00    7.30   5.5   3.0
 4   3  2006  -1.00   783.00    3.50   -5.90   86.00    2.50   5.2   3.0
 5   3  2006  -1.00   763.00    4.80   -4.80   86.00    4.60   4.6   3.0
 6   3  2006  -1.00   753.00    5.70    0.20   81.00    4.60   5.7   3.0
 7   3  2006  -1.00   936.00    6.00   -0.90   72.00    4.60   4.0   3.0
 8   3  2006  -1.00   380.00    6.10    0.70   84.00    7.30   7.4   3.0
 9   3  2006  -1.00   386.00    9.20    6.10   94.00    4.60   7.8   3.0
10   3  2006  -1.00   471.00    7.50    1.40   83.00   10.40   7.1   3.0
11   3  2006  -1.00   397.00    3.50   -4.40   89.00    4.60   6.5   3.0
12   3  2006  -1.00  1078.00    1.30   -6.70   71.00    7.30   1.8   3.0
13   3  2006  -1.00  1515.00    3.60   -9.40   71.00    4.60   0.4   3.0
14   3  2006  -1.00  1477.00    7.00   -5.10   57.00    4.60   3.6   3.0
15   3  2006  -1.00  1439.00    6.50   -3.30   68.00    7.30   4.4   3.0
16   3  2006  -1.00   425.00    3.50   -0.80   68.00    4.60   7.3   3.0
17   3  2006  -1.00   598.00    3.10   -0.70   76.00    7.30   5.5   3.0
18   3  2006  -1.00  1468.00    6.70   -1.80   77.00    2.50   1.3   3.0
19   3  2006  -1.00  1078.00    6.80   -2.20   83.00    2.50   3.3   3.0
20   3  2006  -1.00   587.00    6.20   -0.70   82.00    2.50   5.8   3.0
21   3  2006  -1.00  1119.00    6.90   -0.70   62.00    2.50   5.1   3.0
22   3  2006  -1.00  1269.00    7.10   -4.10   66.00    2.50   3.3   3.0
23   3  2006  -1.00  1715.00   10.70   -4.70   52.00    2.50   1.0   3.0
24   3  2006  -1.00   580.00    9.70    3.90   68.00    2.50   7.0   3.0
25   3  2006  -1.00   675.00   15.00    9.10   81.00    4.60   7.1   3.0
26   3  2006  -1.00   704.00   18.20   11.00   82.00    2.50   7.0   3.0
27   3  2006  -1.00   789.00   19.10    9.30   75.00    7.30   5.5   3.0
28   3  2006  -1.00   785.00   14.50    6.70   69.00    7.30   5.0   3.0
29   3  2006  -1.00   533.00   10.90    6.20   81.00    4.60   5.8   3.0
30   3  2006  -1.00   516.00   15.20    8.00   81.00    4.60   7.7   3.0
31   3  2006  -1.00   750.00   15.60    9.10   79.00    4.60   6.1   3.0
 1   4  2006  -1.00   768.00   14.40    4.80   80.00    7.30   5.3   3.0
 2   4  2006  -1.00  1074.00   13.90    3.70   71.00    4.60   3.9   3.0
 3   4  2006  -1.00   828.00   11.30    4.30   70.00    4.60   5.8   3.0
 4   4  2006  -1.00  1219.00    9.90    0.50   76.00    4.60   4.3   3.0
 5   4  2006  -1.00  1590.00    8.30   -1.90   71.00    4.60   3.1   3.0
 6   4  2006  -1.00  1495.00   10.90   -1.30   65.00    1.00   3.6   3.0
 7   4  2006  -1.00  1316.00   11.90    1.10   65.00    2.50   4.0   3.0
 8   4  2006  -1.00  1124.00   13.20    4.50   71.00    2.50   5.6   3.0
 9   4  2006  -1.00  1298.00   11.90    2.00   67.00    2.50   4.4   3.0
10   4  2006  -1.00  1008.00   10.40    1.90   68.00    2.50   5.4   3.0
11   4  2006  -1.00  1184.00    8.90   -2.00   68.00    7.30   4.5   3.0
12   4  2006  -1.00   818.00   11.80    3.90   77.00    7.30   5.5   3.0
13   4  2006  -1.00   582.00   12.40    6.10   84.00    4.60   7.4   3.0
14   4  2006  -1.00   660.00   13.30    2.60   78.00    4.60   5.5   3.0
15   4  2006  -1.00   739.00   14.90    1.30   79.00    2.50   5.8   3.0
16   4  2006  -1.00   659.00   14.90    9.50   82.00    2.50   7.2   3.0
17   4  2006  -1.00   677.00   13.40    6.00   75.00    2.50   6.5   3.0
18   4  2006  -1.00   904.00   14.70    4.70   72.00    2.50   5.3   3.0
19   4  2006  -1.00  1579.00   15.20    4.30   70.00    4.60   4.1   3.0
20   4  2006  -1.00  1389.00   17.30    5.40   64.00    4.60   4.0   3.0
21   4  2006  -1.00  1796.00   20.20    6.30   61.00    4.60   5.8   3.0
22   4  2006  -1.00   678.00   12.10    7.00   76.00    2.50   7.0   3.0
23   4  2006  -1.00  1161.00   14.50    6.10   71.00    2.50   5.9   3.0
24   4  2006  -1.00  1507.00   20.00    5.20   65.00    2.50   5.1   3.0
25   4  2006  -1.00  1780.00   23.90    7.80   62.00    2.50   3.5   3.0
26   4  2006  -1.00   723.00   15.90    9.60   84.00    2.50   7.4   3.0
27   4  2006  -1.00   945.00   16.60    8.80   68.00    2.50   6.6   3.0
28   4  2006  -1.00  1703.00   14.90    5.40   67.00    2.50   4.1   3.0
29   4  2006  -1.00  1071.00    9.30    4.30   76.00    4.60   6.0   3.0
30   4  2006  -1.00   999.00    9.50    3.30   85.00   10.40   5.6   3.0
 1   5  2006  -1.00  1172.00   12.30    2.60   83.00    4.60   5.7   3.0
 2   5  2006  -1.00  1707.00   20.10    7.20   68.00    4.60   4.3   3.0
 3   5  2006  -1.00  1921.00   26.30   13.10   52.00    4.60   4.1   3.0
 4   5  2006  -1.00  1915.00   26.00   12.30   50.00    4.60   5.6   3.0
 5   5  2006  -1.00  2066.00   24.70   13.50   49.00    4.60   4.9   3.0
 6   5  2006  -1.00  2438.00   23.70    9.10   47.00    4.60   2.0   3.0
 7   5  2006  -1.00  2067.00   24.00   13.30   38.00    2.50   4.3   3.0
 8   5  2006  -1.00  2219.00   23.90   10.40   45.00    2.50   3.3   3.0
 9   5  2006  -1.00  2003.00   24.70    9.70   54.00    2.50   2.6   3.0
10   5  2006  -1.00  2496.00   24.10    9.10   55.00    2.50   0.8   3.0
11   5  2006  -1.00  2477.00   24.80    7.00   54.00    2.50   0.6   3.0
12   5  2006  -1.00  2339.00   25.80   10.40   49.00    4.60   2.7   3.0
13   5  2006  -1.00  1221.00   18.80   12.60   73.00    4.60   6.9   3.0
14   5  2006  -1.00   974.00   16.20    7.80   81.00    4.60   6.4   3.0
15   5  2006  -1.00  1615.00   21.80    6.60   68.00    4.60   6.0   3.0
16   5  2006  -1.00  1594.00   21.20   13.10   66.00    4.60   5.7   3.0
17   5  2006  -1.00  1198.00   20.10   12.90   75.00    2.50   6.6   3.0
18   5  2006  -1.00  1536.00   19.70   13.60   74.00    4.60   4.8   3.0
19   5  2006  -1.00   925.00   16.80   10.30   79.00    4.60   6.6   3.0
20   5  2006  -1.00   848.00   15.40    8.50   83.00    4.60   6.6   3.0
21   5  2006  -1.00  1053.00   17.90   10.70   71.00    2.50   6.2   3.0
22   5  2006  -1.00  1083.00   19.40   12.40   75.00    2.50   6.4   3.0
23   5  2006  -1.00  1234.00   12.90    7.80   76.00    2.50   5.4   3.0
24   5  2006  -1.00  1750.00   16.10    6.40   73.00    2.50   5.0   3.0
25   5  2006  -1.00   782.00   14.80    8.30   85.00    2.50   7.3   3.0
26   5  2006  -1.00   757.00   15.30    5.30   92.00    4.60   7.5   3.0
27   5  2006  -1.00   760.00   15.90   13.50   92.00    2.50   7.9   3.0
28   5  2006  -1.00  1508.00   16.80   10.40   70.00    4.60   6.6   3.0
29   5  2006  -1.00  1077.00   14.90    7.50   74.00    4.60   6.3   3.0
30   5  2006  -1.00  1310.00   11.30    6.20   81.00    2.50   5.8   3.0
31   5  2006  -1.00   769.00   12.40    5.10   82.00    2.50   6.8   3.0
 1   6  2006  -1.00  1356.00   13.60    7.80   73.00    4.60   6.6   3.0
 2   6  2006  -1.00  1263.00   17.20    8.40   75.00    4.60   5.2   3.0
 3   6  2006  -1.00  1129.00   19.40    8.20   76.00    4.60   6.6   3.0
 4   6  2006  -1.00  1772.00   17.30    8.50   62.00    4.60   5.0   3.0
 5   6  2006  -1.00  1433.00   15.60    6.30   67.00    2.50   4.7   3.0
 6   6  2006  -1.00  2105.00   19.20    5.60   67.00    2.50   3.2   3.0
 7   6  2006  -1.00  2518.00   21.00    6.30   64.00    2.50   3.1   3.0
 8   6  2006  -1.00  2657.00   23.70    7.70   62.00    2.50   1.0   3.0
 9   6  2006  -1.00  2701.00   26.10    9.10   58.00    2.50   2.9   3.0
10   6  2006  -1.00  2840.00   27.70   11.70   54.00    2.50   3.4   3.0
11   6  2006  -1.00  2952.00   27.80   15.30   47.00    2.50   0.5   3.0
12   6  2006  -1.00  2954.00   29.30   11.00   47.00    2.50   0.3   3.0
13   6  2006  -1.00  2873.00   32.70   18.40   44.00    2.50   1.0   3.0
14   6  2006  -1.00  1749.00   26.20   16.60   72.00    4.60   4.7   3.0
15   6  2006  -1.00   802.00   18.90   14.00   87.00    2.50   7.8   3.0
16   6  2006  -1.00  1380.00   18.80   11.30   66.00    2.50   6.0   3.0
17   6  2006  -1.00  2163.00   22.70    8.90   69.00    2.50   2.9   3.0
18   6  2006  -1.00  2714.00   29.00   11.00   59.00    4.60   3.9   3.0
19   6  2006  -1.00  1354.00   25.60   18.70   76.00    4.60   5.0   3.0
20   6  2006  -1.00  1766.00   25.90   17.60   68.00    4.60   6.0   3.0
21   6  2006  -1.00  1203.00   22.80   14.60   65.00    4.60   6.3   3.0
22   6  2006  -1.00  1615.00   19.00   11.20   65.00    2.50   4.4   3.0
23   6  2006  -1.00  1821.00   20.90    9.90   61.00    4.60   3.4   3.0
24   6  2006  -1.00  2673.00   26.90    9.70   54.00    2.50   4.5   3.0
25   6  2006  -1.00  1174.00   29.60   15.40   73.00    7.30   6.1   3.0
26   6  2006  -1.00  1435.00   23.60   15.10   77.00    2.50   6.5   3.0
27   6  2006  -1.00   816.00   18.60   13.70   76.00    2.50   7.3   3.0
28   6  2006  -1.00  2230.00   22.40   12.30   66.00    2.50   3.6   3.0
29   6  2006  -1.00  2599.00   25.20   11.20   66.00    2.50   1.3   3.0
30   6  2006  -1.00  2584.00   27.90   14.00   60.00    2.50   1.0   3.0
 1   7  2006  -1.00  2760.00   29.70   14.40   56.00    2.50   0.8   3.0
 2   7  2006  -1.00  2827.00   30.10   15.20   47.00    2.50   0.7   3.0
 3   7  2006  -1.00  2893.00   30.70   18.10   41.00    2.50   0.9   3.0
 4   7  2006  -1.00  2740.00   32.70   14.90   48.00    2.50   2.0   3.0
 5   7  2006  -1.00  1862.00   32.40   18.50   64.00    2.50   4.4   3.0
 6   7  2006  -1.00  1409.00   28.20   19.00   74.00    2.50   5.0   3.0
 7   7  2006  -1.00  1530.00   24.40   18.80   76.00    2.50   6.1   3.0
 8   7  2006  -1.00  1773.00   25.10   17.20   67.00    4.60   4.9   3.0
 9   7  2006  -1.00  1239.00   27.70   16.10   61.00    2.50   5.0   3.0
10   7  2006  -1.00  1972.00   26.20   15.90   63.00    2.50   2.9   3.0
11   7  2006  -1.00  2133.00   28.90   17.90   63.00    2.50   4.0   3.0
12   7  2006  -1.00  2429.00   28.00   15.10   64.00    7.30   3.2   3.0
13   7  2006  -1.00  2602.00   29.60   16.30   57.00    4.60   1.6   3.0
14   7  2006  -1.00  2503.00   24.30   16.00   54.00    2.50   2.2   3.0
15   7  2006  -1.00  2837.00   26.70   12.80   48.00    2.50   1.5   3.0
16   7  2006  -1.00  2833.00   29.80   14.50   45.00    2.50   0.3   3.0
17   7  2006  -1.00  2828.00   32.00   13.60   45.00    2.50   0.3   3.0
18   7  2006  -1.00  2768.00   33.90   14.90   44.00    2.50   1.6   3.0
19   7  2006  -1.00  2682.00   36.10   16.70   35.00    2.50   0.8   3.0
20   7  2006  -1.00  2421.00   32.50   21.50   42.00    2.50   2.8   3.0
21   7  2006  -1.00  2604.00   33.00   18.40   52.00    2.50   0.4   3.0
22   7  2006  -1.00  2034.00   33.00   20.30   58.00    4.60   4.1   3.0
23   7  2006  -1.00  2271.00   30.70   19.40   62.00    4.60   2.8   3.0
24   7  2006  -1.00  2225.00   30.60   17.20   60.00    2.50   2.1   3.0
25   7  2006  -1.00  2393.00   33.20   19.50   50.00    2.50   2.9   3.0
26   7  2006  -1.00  1707.00   36.30   20.20   56.00    2.50   3.9   3.0
27   7  2006  -1.00  1528.00   31.10   19.50   63.00    2.50   5.3   3.0
28   7  2006  -1.00  1391.00   28.50   19.00   75.00    2.50   6.0   3.0
29   7  2006  -1.00  1731.00   27.80   17.90   74.00    2.50   4.0   3.0
30   7  2006  -1.00  1116.00   30.10   16.00   71.00    4.60   5.3   3.0
31   7  2006  -1.00  1707.00   23.80   15.60   68.00    2.50   4.0   3.0
 1   8  2006  -1.00   804.00   21.70   15.40   77.00    2.50   6.1   3.0
 2   8  2006  -1.00   879.00   21.50   13.50   79.00    4.60   6.5   3.0
 3   8  2006  -1.00  1072.00   20.90   13.10   77.00    4.60   6.0   3.0
 4   8  2006  -1.00   805.00   22.30   11.80   82.00    4.60   6.6   3.0
 5   8  2006  -1.00  1612.00   25.10   14.90   75.00    4.60   4.6   3.0
 6   8  2006  -1.00  1345.00   25.00   17.60   70.00    4.60   5.3   3.0
 7   8  2006  -1.00  1066.00   23.50   13.50   80.00    4.60   5.6   3.0
 8   8  2006  -1.00  1151.00   20.10   15.30   69.00    4.60   5.8   3.0
 9   8  2006  -1.00   783.00   19.70   12.10   80.00    4.60   6.1   3.0
10   8  2006  -1.00   908.00   17.50    9.10   84.00    7.30   5.6   3.0
11   8  2006  -1.00   993.00   17.40   11.30   82.00    7.30   6.6   3.0
12   8  2006  -1.00   898.00   18.20   11.00   79.00    7.30   6.0   3.0
13   8  2006  -1.00  2225.00   21.20    9.00   77.00    7.30   2.2   3.0
14   8  2006  -1.00   888.00   18.80   10.40   87.00    7.30   6.3   3.0
15   8  2006  -1.00   717.00   20.50   14.30   86.00   10.40   7.3   3.0
16   8  2006  -1.00   839.00   22.70   14.30   77.00    4.60   5.9   3.0
17   8  2006  -1.00  1150.00   24.50   15.30   79.00    2.50   6.3   3.0
18   8  2006  -1.00  1346.00   23.70   16.30   75.00    4.60   6.0   3.0
19   8  2006  -1.00  1401.00   24.70   15.50   77.00    2.50   5.3   3.0
20   8  2006  -1.00   968.00   20.60   14.80   84.00    2.50   6.1   3.0
21   8  2006  -1.00   887.00   20.70   14.00   82.00    4.60   6.9   3.0
22   8  2006  -1.00  1030.00   20.10   11.70   80.00    2.50   5.6   3.0
23   8  2006  -1.00  1520.00   22.20    9.60   76.00    2.50   4.1   3.0
24   8  2006  -1.00   857.00   19.60   12.40   80.00    2.50   5.9   3.0
25   8  2006  -1.00   949.00   21.30   10.10   85.00    4.60   6.4   3.0
26   8  2006  -1.00  1053.00   20.00   12.10   80.00    4.60   6.0   3.0
27   8  2006  -1.00  1058.00   19.90   12.20   81.00    4.60   5.5   3.0
28   8  2006  -1.00   650.00   15.70   11.30   89.00    4.60   6.0   3.0
29   8  2006  -1.00  1286.00   17.90    9.40   83.00    2.50   4.0   3.0
30   8  2006  -1.00   759.00   17.10   10.00   86.00    2.50   5.0   3.0
31   8  2006  -1.00   717.00   18.00    9.20   81.00    4.60   6.4   3.0
 1   9  2006  -1.00   771.00   23.30   14.50   71.00    4.60   6.5   3.0
 2   9  2006  -1.00  1003.00   22.90   16.00   70.00    4.60   6.2   3.0
 3   9  2006  -1.00   568.00   23.50   17.80   79.00    2.50   6.8   3.0
 4   9  2006  -1.00   823.00   22.10   11.80   75.00    4.60   5.4   3.0
 5   9  2006  -1.00   546.00   22.50   11.30   84.00    4.60   5.9   3.0
 6   9  2006  -1.00  1838.00   27.10   15.70   78.00    4.60   1.5   3.0
 7   9  2006  -1.00  1082.00   22.20   11.90   83.00    2.50   3.2   3.0
 8   9  2006  -1.00  1490.00   19.30    8.20   75.00    2.50   1.3   3.0
 9   9  2006  -1.00  1940.00   21.10    7.40   72.00    2.50   0.8   3.0
10   9  2006  -1.00  1882.00   24.70    8.90   69.00    2.50   2.0   3.0
11   9  2006  -1.00  1801.00   27.20   14.50   65.00    2.50   0.8   3.0
12   9  2006  -1.00  1777.00   28.90   15.80   67.00    2.50   0.3   3.0
13   9  2006  -1.00  1764.00   29.00   19.10   60.00    2.50   1.1   3.0
14   9  2006  -1.00  1572.00   27.70   17.80   57.00    2.50   4.5   3.0
15   9  2006  -1.00  1315.00   25.70   15.20   62.00    4.60   5.8   3.0
16   9  2006  -1.00  1482.00   27.50   14.80   69.00    2.50   5.1   3.0
17   9  2006  -1.00   599.00   22.60   16.60   82.00    4.60   6.2   3.0
18   9  2006  -1.00   472.00   18.10   14.90   90.00    4.60   7.8   3.0
19   9  2006  -1.00   772.00   20.20   11.00   82.00    4.60   3.8   3.0
20   9  2006  -1.00  1651.00   20.60   10.50   76.00    7.30   2.1   3.0
21   9  2006  -1.00  1670.00   25.30   13.60   65.00    4.60   0.5   3.0
22   9  2006  -1.00  1411.00   27.60   17.60   59.00    4.60   2.8   3.0
23   9  2006  -1.00   667.00   24.80   15.80   72.00    4.60   6.2   3.0
24   9  2006  -1.00   523.00   23.30   15.10   71.00    4.60   5.5   3.0
25   9  2006  -1.00   433.00   21.10   14.30   82.00    7.30   6.0   3.0
26   9  2006  -1.00   468.00   19.90   14.50   84.00    4.60   7.1   3.0
27   9  2006  -1.00  1071.00   20.90   12.20   82.00    4.60   4.9   3.0
28   9  2006  -1.00   651.00   21.80   12.70   76.00    2.50   4.2   3.0
29   9  2006  -1.00  1101.00   23.10   14.80   73.00    2.50   5.0   3.0
30   9  2006  -1.00  1081.00   21.90   14.00   77.00    7.30   5.2   3.0
 1  10  2006  -1.00   649.00   20.20   14.70   76.00    7.30   5.4   3.0
 2  10  2006  -1.00   393.00   17.80   13.90   71.00    4.60   7.0   3.0
 3  10  2006  -1.00   407.00   16.00   12.30   81.00    7.30   6.8   3.0
 4  10  2006  -1.00   440.00   15.20    8.80   87.00    7.30   7.0   3.0
 5  10  2006  -1.00   832.00   17.10    7.60   77.00    7.30   5.7   3.0
 6  10  2006  -1.00   371.00   17.60   13.20   83.00    7.30   7.5   3.0
 7  10  2006  -1.00   861.00   16.80    8.40   78.00    7.30   4.6   3.0
 8  10  2006  -1.00  1192.00   17.80    7.60   78.00    7.30   3.8   3.0
 9  10  2006  -1.00  1095.00   19.40   10.10   75.00    4.60   5.5   3.0
10  10  2006  -1.00   572.00   20.40   12.30   85.00    7.30   5.3   3.0
11  10  2006  -1.00  1071.00   21.70    8.00   78.00    2.50   3.9   3.0
12  10  2006  -1.00   685.00   20.40   14.60   81.00    2.50   6.1   3.0
13  10  2006  -1.00   360.00   17.20   11.60   87.00    4.60   6.4   3.0
14  10  2006  -1.00   722.00   17.10    7.40   80.00    2.50   3.9   3.0
15  10  2006  -1.00  1156.00   17.00    5.80   82.00    2.50   0.7   3.0
16  10  2006  -1.00  1196.00   17.90    3.30   75.00    4.60   0.1   3.0
17  10  2006  -1.00  1095.00   17.60    9.10   68.00    4.60   2.6   3.0
18  10  2006  -1.00   694.00   18.70   10.80   72.00    4.60   6.0   3.0
19  10  2006  -1.00   430.00   17.30   12.40   78.00    4.60   6.5   3.0
20  10  2006  -1.00   609.00   18.70   14.00   78.00    4.60   5.7   3.0
21  10  2006  -1.00   526.00   17.90   14.10   78.00    2.50   6.3   3.0
22  10  2006  -1.00   568.00   18.40   11.80   75.00    2.50   5.5   3.0
23  10  2006  -1.00   290.00   18.30   14.90   85.00    4.60   7.3   3.0
24  10  2006  -1.00   277.00   16.00    9.70   80.00    4.60   6.0   3.0
25  10  2006  -1.00   632.00   16.70    8.20   77.00    4.60   4.2   3.0
26  10  2006  -1.00   742.00   23.70   14.90   67.00    7.30   3.6   3.0
27  10  2006  -1.00   615.00   18.00   11.10   67.00    2.50   5.8   3.0
28  10  2006  -1.00   259.00   16.50    8.20   86.00    4.60   7.3   3.0
29  10  2006  -1.00   437.00   16.70   11.10   79.00    4.60   6.3   3.0
30  10  2006  -1.00   552.00   15.70    8.00   81.00    2.50   5.1   3.0
31  10  2006  -1.00   283.00   13.90    8.40   81.00    2.50   5.0   3.0
 1  11  2006  -1.00   588.00   10.90    0.70   66.00    7.30   2.6   3.0
 2  11  2006  -1.00   448.00    8.80   -2.00   85.00    7.30   4.8   3.0
 3  11  2006  -1.00   268.00    8.00    2.80   89.00    4.60   6.2   3.0
 4  11  2006  -1.00   335.00   11.40    3.80   84.00    2.50   6.8   3.0
 5  11  2006  -1.00   224.00   10.90    8.30   85.00    2.50   7.5   3.0
 6  11  2006  -1.00   220.00   10.90    8.60   83.00    7.30   7.0   3.0
 7  11  2006  -1.00   696.00   12.50    5.40   75.00    7.30   5.0   3.0
 8  11  2006  -1.00   212.00   11.50    3.60   86.00    2.50   7.3   3.0
 9  11  2006  -1.00   563.00   12.20    3.30   80.00    4.60   4.4   3.0
10  11  2006  -1.00   469.00    9.60    2.50   83.00    4.60   5.2   3.0
11  11  2006  -1.00   214.00   11.40    5.80   80.00    4.60   7.1   3.0
12  11  2006  -1.00   249.00    9.50    4.00   83.00    4.60   6.0   3.0
13  11  2006  -1.00   194.00   12.50    5.90   90.00    4.60   7.4   3.0
14  11  2006  -1.00   191.00   13.50    9.80   88.00    7.30   7.0   3.0
15  11  2006  -1.00   441.00   16.00   11.60   81.00    4.60   4.9   3.0
16  11  2006  -1.00   557.00   18.20   12.50   68.00    7.30   3.7   3.0
17  11  2006  -1.00   296.00   15.90    9.40   81.00    4.60   4.8   3.0
18  11  2006  -1.00   327.00   11.60    5.40   81.00    4.60   4.0   3.0
19  11  2006  -1.00   175.00    7.90    3.40   91.00    2.50   6.8   3.0
20  11  2006  -1.00   172.00    8.60    3.60   85.00    1.00   6.3   3.0
21  11  2006  -1.00   301.00   11.50    3.40   85.00    4.60   5.2   3.0
22  11  2006  -1.00   212.00    9.50    3.30   83.00    7.30   5.6   3.0
23  11  2006  -1.00   164.00   13.60    6.20   89.00    7.30   7.6   3.0
24  11  2006  -1.00   211.00   14.30    7.80   83.00    7.30   5.6   3.0
25  11  2006  -1.00   158.00   18.10   12.60   70.00    2.50   7.5   3.0
26  11  2006  -1.00   232.00   13.90    9.20   77.00    2.50   5.5   3.0
27  11  2006  -1.00   170.00   15.00    8.00   81.00    2.50   5.3   3.0
28  11  2006  -1.00   480.00   13.50    9.60   79.00    2.50   3.4   3.0
29  11  2006  -1.00   453.00   12.30    3.10   87.00    2.50   2.8   3.0
30  11  2006  -1.00   173.00    8.60    2.70   88.00    2.50   4.4   3.0
 1  12  2006  -1.00   340.00   11.10    6.90   78.00    2.50   6.3   3.0
 2  12  2006  -1.00   149.00   11.00    7.80   75.00    4.60   7.2   3.0
 3  12  2006  -1.00   202.00   13.80    8.40   79.00    2.50   6.4   3.0
 4  12  2006  -1.00   155.00   13.00    8.30   81.00    2.50   6.2   3.0
 5  12  2006  -1.00   139.00   16.30   10.60   76.00    2.50   7.1   3.0
 6  12  2006  -1.00   142.00   11.40    7.20   78.00    4.60   6.3   3.0
 7  12  2006  -1.00   136.00   11.50    6.30   75.00    4.60   5.1   3.0
 8  12  2006  -1.00   134.00   13.50    7.50   77.00    4.60   7.2   3.0
 9  12  2006  -1.00   263.00    8.30    3.30   88.00    2.50   4.8   3.0
10  12  2006  -1.00   427.00    7.70    0.60   87.00    2.50   1.8   3.0
11  12  2006  -1.00   131.00    8.50    4.70   85.00    7.30   7.7   3.0
12  12  2006  -1.00   441.00    9.10    3.90   84.00    4.60   4.6   3.0
13  12  2006  -1.00   129.00   10.30    7.00   84.00    4.60   7.3   3.0
14  12  2006  -1.00   129.00   10.40    4.80   78.00    4.60   6.4   3.0
15  12  2006  -1.00   467.00   10.70    4.10   69.00    7.30   4.0   3.0
16  12  2006  -1.00   127.00    9.50    1.70   80.00    7.30   6.5   3.0
17  12  2006  -1.00   252.00    6.50    1.10   90.00    7.30   4.9   3.0
18  12  2006  -1.00   127.00    4.90    1.40   93.00    7.30   7.3   3.0
19  12  2006  -1.00   255.00    6.00   -1.90   93.00    7.30   5.2   3.0
20  12  2006  -1.00   126.00    3.50   -3.00   96.00    2.50   6.3   3.0
21  12  2006  -1.00   126.00    6.70    3.50   95.00    4.60   8.0   3.0
22  12  2006  -1.00   407.00    8.20   -0.50   82.00    7.30   4.4   3.0
23  12  2006  -1.00   127.00    4.70    2.20   87.00    2.50   7.8   3.0
24  12  2006  -1.00   127.00    2.20    0.40   94.00    4.60   8.0   3.0
25  12  2006  -1.00   127.00    3.30    1.00   90.00    2.50   7.9   3.0
26  12  2006  -1.00   183.00    2.90   -3.90   88.00    4.60   4.8   3.0
27  12  2006  -1.00   128.00    0.70   -3.70   90.00    4.60   7.4   3.0
28  12  2006  -1.00   129.00    4.20    0.40   92.00    2.50   7.9   3.0
29  12  2006  -1.00   313.00    7.10    3.30   81.00    1.00   6.3   3.0
30  12  2006  -1.00   131.00   12.00    5.30   75.00    1.00   7.0   3.0
31     12     2006      -1.00   131.00   12.40    8.30   77.00    4.60   7.0   3.0
